0.984812692939182 -0.0476943397841282 0.0162592771312869 -0.0476943397841282 1.01230623977079 0.0464828667575357 0.0162592771312869 0.0464828667575357 1.00785222057447
0.982328095132909 -0.0563505441768911 0.0189895314325211 -0.0563505441768911 1.01506484475771 0.0550313022442705 0.0189895314325211 0.0550313022442705 1.00956526084188
0.979936102179754 -0.0649780762875824 0.0216414587634646 -0.0649780762875824 1.01797820856254 0.0635866158302613 0.0216414587634646 0.0635866158302613 1.01136206177301
0.977635934662792 -0.073578368182195 0.0242154986726718 -0.073578368182195 1.02104643312719 0.0721502279188456 0.0242154986726718 0.0721502279188456 1.01324253928675
0.975426829553329 -0.0821528440312809 0.0267120765692933 -0.0821528440312809 1.02426964536987 0.080723557033527 0.0267120765692933 0.080723557033527 1.01520662271224
0.973308040047154 -0.0907029203603432 0.0291316038245966 -0.0907029203603432 1.02764799714711 0.0893080200538025 0.0291316038245966 0.0893080200538025 1.0172542547449
0.971278835403818 -0.099230006298403 0.0314744778709589 -0.099230006298403 1.03118166521997 0.0979050324501696 0.0314744778709589 0.0979050324501696 1.01938539140473
0.96933850078891 -0.107735503824771 0.0337410822983536 -0.107735503824771 1.03487085122439 0.106516008518352 0.0337410822983536 0.106516008518352 1.02160000199692
0.967486337119281 -0.116220808014078 0.0359317869483511 -0.116220808014078 1.03871578164565 0.115142361612793 0.0359317869483511 0.115142361612793 1.02389806907462
0.965721660911209 -0.124687307279602 0.0380469480056583 -0.124687307279602 1.04271670779693 0.123785504379431 0.0380469480056583 0.123785504379431 1.02627958840411
0.964043804131455 -0.133136383614941 0.0400869080872125 -0.133136383614941 1.04687390580198 0.132446848987838 0.0400869080872125 0.132446848987838 1.02874456893199
0.962452114051182 -0.141569412834073 0.0420519963288564 -0.141569412834073 1.0511876765819 0.141127807362713 0.0420519963288564 0.141127807362713 1.03129303275484
0.960945953102711 -0.149987764809837 0.043942528469607 -0.149987764809837 1.05565834584591 0.149829791414809 0.043942528469607 0.149829791414809 1.03392501509086
0.959524698739083 -0.1583928037109 0.0457588069335423 -0.1583928037109 1.06028626408631 0.158554213271309 0.0457588069335423 0.158554213271309 1.03664056425386
0.958187743296393 -0.166785888237226 0.0475011209093243 -0.166785888237226 1.06507180657735 0.167302485505704 0.0475011209093243 0.167302485505704 1.03943974162942
0.956934493858871 -0.175168371854106 0.0491697464273767 -0.175168371854106 1.07001537337826 0.176076021367195 0.0491697464273767 0.176076021367195 1.04232262165317
0.955764372126682 -0.183541603024781 0.0507649464347311 -0.183541603024781 1.07511738934021 0.184876235009678 0.0507649464347311 0.184876235009678 1.04528929179131
0.954676814286419 -0.191906925441717 0.052286970867568 -0.191906925441717 1.08037830411739 0.193704541720333 0.052286970867568 0.193704541720333 1.04833985252329
0.953671270884244 -0.200265678256536 0.0537360567214608 -0.200265678256536 1.08579859218205 0.202562358147866 0.0537360567214608 0.202562358147866 1.0514744173266
0.952747206701688 -0.208619196308691 0.0551124281193466 -0.208619196308691 1.09137875284354 0.211451102530438 0.0551124281193466 0.211451102530438 1.05469311266378
0.951904100634038 -0.216968810352887 0.0564162963772336 -0.216968810352887 1.09711931027139 0.220372194923313 0.0564162963772336 0.220372194923313 1.05799607797152
0.951141445571322 -0.225315847285309 0.0576478600676711 -0.225315847285309 1.10302081352238 0.229327057426279 0.0576478600676711 0.229327057426279 1.06138346565192
0.950458748281838 -0.23366163036868 0.0588073050809828 -0.23366163036868 1.10908383657156 0.238317114410859 0.0588073050809828 0.238317114410859 1.0648554410659
0.949855529298236 -0.242007479456217 0.0598948046842948 -0.242007479456217 1.11530897834734 0.247343792747371 0.0598948046842948 0.247343792747371 1.06841218252868
0.949331322806083 -0.250354711214483 0.0609105195783613 -0.250354711214483 1.12169686277046 0.256408522031849 0.0609105195783613 0.256408522031849 1.07205388130746
0.948885676534931 -0.258704639345215 0.0618545979522085 -0.258704639345215 1.12824813879705 0.26551273481289 0.0618545979522085 0.26551273481289 1.0757807416211
0.948518151651839 -0.267058574806137 0.0627271755356074 -0.267058574806137 1.13496348046559 0.274657866818445 0.0627271755356074 0.274657866818445 1.07959298064205
0.948228322657335 -0.275417826030814 0.063528375649392 -0.275417826030814 1.14184358694785 0.283845357182596 0.063528375649392 0.283845357182596 1.08349082850027
0.948015777283782 -0.283783699147569 0.0642583092536319 -0.283783699147569 1.1488891826039 0.293076648672355 0.0642583092536319 0.293076648672355 1.0874745282893
0.947880116396155 -0.292157498197523 0.0649170749936797 -0.292157498197523 1.15610101704094 0.302353187914531 0.0649170749936797 0.302353187914531 1.09154433607439
0.947820953895171 -0.300540525351773 0.0655047592440965 -0.300540525351773 1.16347986517627 0.31167642562269 0.0655047592440965 0.31167642562269 1.09570052090283
0.947837916622782 -0.308934081127762 0.0660214361504755 -0.308934081127762 1.17102652730411 0.321047816824245 0.0660214361504755 0.321047816824245 1.09994336481617
0.947930644269985 -0.317339464604859 0.0664671676691684 -0.317339464604859 1.17874182916646 0.330468821087725 0.0664671676691684 0.330468821087725 1.10427316286477
0.948098789286946 -0.32575797363922 0.0668420036049323 -0.32575797363922 1.18662662202796 0.339940902750246 0.0668420036049323 0.339940902750246 1.10869022312421
0.948342016795416 -0.334190905077923 0.0671459816465057 -0.334190905077923 1.19468178275464 0.349465531145231 0.0671459816465057 0.349465531145231 1.11319486671392
0.948660004503404 -0.342639554972449 0.0673791274001222 -0.342639554972449 1.20290821389681 0.359044180830405 0.0673791274001222 0.359044180830405 1.11778742781787
0.949052442622108 -0.351105218791528 0.0675414544209748 -0.351105218791528 1.21130684377577 0.368678331816109 0.0675414544209748 0.368678331816109 1.12246825370728
0.949519033785074 -0.35958919163339 0.0676329642426412 -0.35958919163339 1.21987862657463 0.378369469793976 0.0676329642426412 0.378369469793976 1.12723770476547
0.950059492969567 -0.368092768437458 0.067653646404474 -0.368092768437458 1.22862454243313 0.388119086365979 0.067653646404474 0.388119086365979 1.13209615451476
0.950673547420132 -0.376617244195518 0.0676034784769764 -0.376617244195518 1.2375455975464 0.397928679273929 0.0676034784769764 0.397928679273929 1.13704398964542
0.951360936574334 -0.385163914162401 0.0674824260851585 -0.385163914162401 1.24664282426778 0.407799752629412 0.0674824260851585 0.407799752629412 1.14208161004678
0.952121411990659 -0.393734074066212 0.0672904429298934 -0.393734074066212 1.25591728121568 0.417733817144246 0.0672904429298934 0.417733817144246 1.14720942884029
0.952954737278558 -0.402329020318148 0.0670274708072769 -0.402329020318148 1.2653700533844 0.42773239036146 0.0670274708072769 0.42773239036146 1.15242787241477
0.953860688030604 -0.410950050221924 0.0666934396259974 -0.410950050221924 1.2750022522591 0.437796996886849 0.0666934396259974 0.437796996886849 1.15773738046369
0.954839051756781 -0.41959846218287 0.066288267422727 -0.41959846218287 1.28481501593467 0.447929168621145 0.066288267422727 0.447929168621145 1.1631384060245
0.955889627820842 -0.428275555916693 0.0658118603755376 -0.428275555916693 1.29480950923882 0.458130444992817 0.0658118603755376 0.458130444992817 1.16863141552013
0.957012227378766 -0.436982632657982 0.0652641128153531 -0.436982632657982 1.30498692385909 0.468402373191569 0.0652641128153531 0.468402373191569 1.17421688880242
0.958206673319271 -0.445720995368468 0.0646449072354368 -0.445720995368468 1.31534847847406 0.478746508402548 0.0646449072354368 0.478746508402548 1.17989531919781
0.959472800206367 -0.45449194894506 0.0639541142989305 -0.45449194894506 1.32589541888855 0.489164414041302 0.0639541142989305 0.489164414041302 1.18566721355501
0.960810454223966 -0.463296800427732 0.0631915928444389 -0.463296800427732 1.33662901817301 0.499657661989539 0.0631915928444389 0.499657661989539 1.19153309229476
