1.01781349766159 -0.0486023499429798 -0.0281689621350225 -0.0486023499429798 1.01611502595658 0.0365967672468401 -0.0281689621350225 0.0365967672468401 0.971135290287431
1.02145626546758 -0.0578130433247124 -0.0334979750661549 -0.0578130433247124 1.01949911790249 0.0434111041598391 -0.0334979750661549 0.0434111041598391 0.966156513751945
1.02521753867274 -0.067115686874086 -0.038877384587354 -0.067115686874086 1.0230181341739 0.0502570424897074 -0.038877384587354 0.0502570424897074 0.961277667322809
1.0290987342836 -0.0765118975470238 -0.0443081257814178 -0.0765118975470238 1.02667344932367 0.0571357728376959 -0.0443081257814178 0.0571357728376959 0.956498664981776
1.03310129245752 -0.0860033152320611 -0.0497911465231446 -0.0860033152320611 1.03046646363894 0.0640484965841162 -0.0497911465231446 0.0640484965841162 0.951819433859823
1.03722667683796 -0.0955916030991523 -0.0553274076788412 -0.0955916030991523 1.03439860348212 0.0709964261165295 -0.0553274076788412 0.0709964261165295 0.947239914301182
1.04147637489466 -0.105278447953652 -0.0609178833087484 -0.105278447953652 1.03847132163732 0.0779807850607133 -0.0609178833087484 0.0779807850607133 0.94276005992955
1.04585189826905 -0.115065560595575 -0.0665635608724324 -0.115065560595575 1.04268609766234 0.0850028085144526 -0.0665635608724324 0.0850028085144526 0.938379837716499
1.05035478312494 -0.124954676184196 -0.0722654414371884 -0.124954676184196 1.04704443824634 0.0920637432842118 -0.0722654414371884 0.0920637432842118 0.934099228052106
1.05498659050436 -0.134947554608076 -0.0780245398894964 -0.134947554608076 1.05154787757319 0.099164848124725 -0.0780245398894964 0.099164848124725 0.929918224817824
1.05974890668896 -0.145045980860608 -0.0838418851495841 -0.145045980860608 1.05619797769061 0.106307393981563 -0.0838418851495841 0.106307393981563 0.925836835461624
1.0646433435667 -0.15525176542113 -0.0897185203891315 -0.15525176542113 1.06099632888525 0.113492664236725 -0.0897185203891315 0.113492664236725 0.921855081075422
1.06967153900423 -0.165566744641737 -0.0956555032521787 -0.165566744641737 1.06594455006367 0.120721954957299 -0.0956555032521787 0.120721954957299 0.917972996474822
1.07483515722477 -0.175992781139831 -0.101653906079272 -0.175992781139831 1.07104428913943 0.127996575147253 -0.101653906079272 0.127996575147253 0.914190630281189
1.08013588919181 -0.186531764196532 -0.107714816134911 -0.186531764196532 1.07629722342627 0.135317847002408 -0.107714816134911 0.135317847002408 0.91050804500609
1.08557545299851 -0.19718561016101 -0.113839335838329 -0.19718561016101 1.0817050600376 0.142687106168631 -0.113839335838329 0.142687106168631 0.906925317138119
1.09115559426303 -0.207956262860844 -0.120028582997676 -0.207956262860844 1.08726953629221 0.150105702003328 -0.120028582997676 0.150105702003328 0.903442537232125
1.09687808652984 -0.218845694018482 -0.126283691047641 -0.218845694018482 1.09299242012646 0.157574997840257 -0.126283691047641 0.157574997840257 0.900059810000888
1.10274473167702 -0.229855903673926 -0.132605809290573 -0.229855903673926 1.09887551051297 0.165096371257759 -0.132605809290573 0.165096371257759 0.89677725440925
1.1087573603298 -0.240988920613684 -0.138996103141152 -0.240988920613684 1.10492063788589 0.17267121435042 -0.138996103141152 0.17267121435042 0.893595003770741
1.11491783228023 -0.252246802806135 -0.14545575437466 -0.252246802806135 1.11112966457286 0.180300934004252 -0.14545575437466 0.180300934004252 0.890513205846714
1.1212280369133 -0.263631637843361 -0.151985961378914 -0.263631637843361 1.11750448523379 0.187986952175434 -0.151985961378914 0.187986952175434 0.887532022948034
1.12768989363936 -0.275145543389575 -0.158587939409904 -0.275145543389575 1.12404702730651 0.195730706172678 -0.158587939409904 0.195730706172678 0.884651632039334
1.1343053523332 -0.286790667636221 -0.165262920851209 -0.286790667636221 1.1307592514594 0.203533648943283 -0.165262920851209 0.203533648943283 0.881872224845872
1.14107639377959 -0.298569189763859 -0.172012155477229 -0.298569189763859 1.13764315205113 0.211397249362921 -0.172012155477229 0.211397249362921 0.879194007963025
1.14800503012568 -0.310483320410927 -0.178836910720305 -0.310483320410927 1.14470075759763 0.219322992529235 -0.178836910720305 0.219322992529235 0.876617202968436
1.15509330534014 -0.322535302149498 -0.185738471941776 -0.322535302149498 1.15193413124625 0.227312380059307 -0.185738471941776 0.227312380059307 0.874142046536852
1.16234329567922 -0.334727409968106 -0.192718142707041 -0.334727409968106 1.15934537125745 0.235366930391039 -0.192718142707041 0.235366930391039 0.871768790557697
1.16975711015989 -0.347061951761797 -0.199777245064679 -0.347061951761797 1.16693661149396 0.243488179088545 -0.199777245064679 0.243488179088545 0.869497702255377
1.17733689103999 -0.35954126882945 -0.206917119829688 -0.35954126882945 1.17471002191748 0.251677679151582 -0.206917119829688 0.251677679151582 0.867329064312391
1.18508481430577 -0.372167736378545 -0.214139126870916 -0.372167736378545 1.18266780909331 0.259937001329121 -0.214139126870916 0.259937001329121 0.865263174995244
1.19300309016662 -0.384943764037414 -0.221444645402727 -0.384943764037414 1.19081221670258 0.268267734437085 -0.221444645402727 0.268267734437085 0.863300348283219
1.20109396355736 -0.397871796375174 -0.228835074280989 -0.397871796375174 1.19914552606266 0.276671485680366 -0.228835074280989 0.276671485680366 0.861440914000034
1.20935971464801 -0.410954313429364 -0.236311832303428 -0.410954313429364 1.20767005665553 0.285149880979147 -0.236311832303428 0.285149880979147 0.859685217948411
1.21780265936133 -0.424193831241485 -0.243876358514432 -0.424193831241485 1.21638816666435 0.293704565299624 -0.243876358514432 0.293704565299624 0.85803362204761
1.226425149898 -0.437592902400494 -0.25153011251435 -0.437592902400494 1.22530225351841 0.302337202989198 -0.25153011251435 0.302337202989198 0.856486504473938
1.2352295752699 -0.45115411659443 -0.259274574773387 -0.45115411659443 1.23441475444647 0.311049478116187 -0.259274574773387 0.311049478116187 0.855044259804294
1.2442183618412 -0.464880101170236 -0.267111246950121 -0.464880101170236 1.24372814703867 0.31984309481416 -0.267111246950121 0.31984309481416 0.853707299162777
1.25339397387778 -0.478773521701948 -0.275041652214749 -0.478773521701948 1.25324494981711 0.328719777630942 -0.275041652214749 0.328719777630942 0.852476050370378
1.26275891410479 -0.492837082567345 -0.283067335577113 -0.492837082567345 1.2629677228153 0.337681271882373 -0.283067335577113 0.337681271882373 0.851350958097833
1.27231572427264 -0.507073527533204 -0.291189864219588 -0.507073527533204 1.2728990681665 0.346729344010902 -0.291189864219588 0.346729344010902 0.850332484021629
1.28206698573153 -0.521485640349281 -0.29941082783489 -0.521485640349281 1.28304163070114 0.355865781949088 -0.29941082783489 0.355865781949088 0.849421106983241
1.29201532001455 -0.536076245351145 -0.307731838968897 -0.536076245351145 1.2933980985535 0.365092395488076 -0.307731838968897 0.365092395488076 0.848617323151615
1.30216338942958 -0.550848208072007 -0.316154533368546 -0.550848208072007 1.30397120377765 0.374411016651144 -0.316154533368546 0.374411016651144 0.847921646188949
1.31251389766013 -0.565804435863678 -0.324680570334889 -0.565804435863678 1.31476372297297 0.383823500072394 -0.324680570334889 0.383823500072394 0.84733460741982
1.32306959037518 -0.580947878526777 -0.333311633081375 -0.580947878526777 1.32577847791917 0.393331723380658 -0.333311633081375 0.393331723380658 0.846856756003666
1.33383325584811 -0.596281528950349 -0.34204942909745 -0.596281528950349 1.33701833622122 0.402937587588718 -0.34204942909745 0.402937587588718 0.846488659110722
1.34480772558509 -0.611808423761015 -0.350895690517545 -0.611808423761015 1.34848621196401 0.412643017487911 -0.350895690517545 0.412643017487911 0.846230902101392
1.35599587496275 -0.627531643981816 -0.359852174495538 -0.627531643981816 1.36018506637726 0.422449962048207 -0.359852174495538 0.422449962048207 0.846084088709147
1.36740062387558 -0.643454315700875 -0.368920663584771 -0.643454315700875 1.37211790851042 0.432360394823854 -0.368920663584771 0.432360394823854 0.846048841226973
