0.988988168911027 -0.000602456387767875 -0.0405318779612029 -0.000602456387767875 1.00692048048858 0.0573218481309139 -0.0405318779612029 0.0573218481309139 1.00910689205893
0.987158091416032 -0.000965127125079249 -0.0479658480412588 -0.000965127125079249 1.0085519228135 0.0679442775748564 -0.0479658480412588 0.0679442775748564 1.01132181323241
0.985387372328705 -0.0014061251842717 -0.0553996373536712 -0.0014061251842717 1.01029623976662 0.078600309873766 -0.0553996373536712 0.078600309873766 1.01370627734004
0.983675877384272 -0.00192552515147661 -0.0628345084616917 -0.00192552515147661 1.01215389386642 0.089291754724813 -0.0628345084616917 0.089291754724813 1.01626085539678
0.982023482017744 -0.00252341491787877 -0.0702717253504468 -0.00252341491787877 1.01412536704953 0.100020429578076 -0.0702717253504468 0.100020429578076 1.01898614752444
0.980430071352774 -0.00319989570761886 -0.0777125536404338 -0.00319989570761886 1.01621116077103 0.110788159949166 -0.0777125536404338 0.110788159949166 1.02188278308138
0.978895540192119 -0.00395508210796225 -0.0851582608015053 -0.00395508210796225 1.01841179610802 0.121596779733518 -0.0851582608015053 0.121596779733518 1.02495142079712
0.977419793009719 -0.0047891021017392 -0.0926101163673769 -0.0047891021017392 1.02072781386662 0.132448131522401 -0.0926101163673769 0.132448131522401 1.02819274891213
0.976002743944395 -0.00570209710206478 -0.100069392150693 -0.00570209710206478 1.02315977469239 0.1433440669207 -0.100069392150693 0.1433440669207 1.0316074853226
0.974644316795156 -0.00669422198934888 -0.107537362458692 -0.00669422198934888 1.02570825918419 0.154286446866525 -0.107537362458692 0.154286446866525 1.03519637773046
0.973344445018123 -0.00776564515059736 -0.115015304309499 -0.00776564515059736 1.02837386801147 0.16527714195271 -0.115015304309499 0.16527714195271 1.0389602037984
0.972103071725079 -0.00891654852102497 -0.122504497649094 -0.00891654852102497 1.0311572220351 0.176318032750242 -0.122504497649094 0.176318032750242 1.0428997713102
0.970920149683619 -0.0101471276279803 -0.130006225568985 -0.0101471276279803 1.03405896243165 0.187411010133695 -0.130006225568985 0.187411010133695 1.04701591833617
0.96979564131894 -0.01145759163719 -0.137521774524624 -0.01145759163719 1.03707975082124 0.198557975608712 -0.137521774524624 0.198557975608712 1.05130951340394
0.968729518717243 -0.0128481634013454 -0.145052434554609 -0.0128481634013454 1.04022026939894 0.209760841641596 -0.145052434554609 0.209760841641596 1.05578145567445
0.967721763630756 -0.0143190795110309 -0.152599499500697 -0.0143190795110309 1.04348122106973 0.221021531991068 -0.152599499500697 0.221021531991068 1.06043267512327
0.966772367484392 -0.0158705903480029 -0.160164267228684 -0.0158705903480029 1.04686332958711 0.232341982042253 -0.160164267228684 0.232341982042253 1.06526413272729
0.965881331384032 -0.0175029601408441 -0.16774803985017 -0.0175029601408441 1.05036733969529 0.243724139142941 -0.16774803985017 0.243724139142941 1.07027682065679
0.965048666126438 -0.0192164670229898 -0.175352123945267 -0.0192164670229898 1.05399401727512 0.255169962942203 -0.175352123945267 0.255169962942203 1.07547176247295
0.964274392210809 -0.0210114030931501 -0.182977830786269 -0.0210114030931501 1.05774414949363 0.266681425731391 -0.182977830786269 0.266681425731391 1.08085001333074
0.963558539851967 -0.0228880744781286 -0.190626476562335 -0.0228880744781286 1.06161854495734 0.278260512787611 -0.190626476562335 0.278260512787611 1.08641266018747
0.962901148995194 -0.0248468013980649 -0.198299382605228 -0.0248468013980649 1.06561803386929 0.289909222719711 -0.198299382605228 0.289909222719711 1.0921608220167
0.962302269332712 -0.0268879182341019 -0.205997875616123 -0.0268879182341019 1.06974346818992 0.301629567816851 -0.205997875616123 0.301629567816851 1.09809565002792
0.961761960321816 -0.0290117735984969 -0.213723287893563 -0.0290117735984969 1.07399572180162 0.313423574399718 -0.213723287893563 0.313423574399718 1.10421832789166
0.961280291204662 -0.0312187304071893 -0.221476957562565 -0.0312187304071893 1.07837569067728 0.325293283174431 -0.221476957562565 0.325293283174431 1.11053007197045
0.960857341029715 -0.033509165954847 -0.229260228804941 -0.033509165954847 1.08288429305263 0.337240749589238 -0.229260228804941 0.337240749589238 1.11703213155538
0.960493198674874 -0.0358834719923883 -0.237074452090854 -0.0358834719923883 1.08752246960245 0.34926804419401 -0.237074452090854 0.34926804419401 1.12372578910848
0.960187962872249 -0.0383420548070163 -0.244920984411672 -0.0383420548070163 1.09229118362082 0.36137725300265 -0.244920984411672 0.36137725300265 1.13061236051085
0.959941742234637 -0.0408853353047693 -0.25280118951414 -0.0408853353047693 1.09719142120528 0.373570477858447 -0.25280118951414 0.373570477858447 1.13769319531671
0.959754655283667 -0.0435137490956021 -0.260716438135916 -0.0435137490956021 1.10222419144501 0.385849836802448 -0.260716438135916 0.385849836802448 1.14496967701331
0.959626830479644 -0.0462277465810246 -0.268668108242522 -0.0462277465810246 1.10739052661303 0.39821746444492 -0.268668108242522 0.39821746444492 1.15244322328677
0.959558406253085 -0.0490277930443062 -0.276657585265737 -0.0490277930443062 1.11269148236255 0.410675512339955 -0.276657585265737 0.410675512339955 1.16011528629402
0.959549531037963 -0.0519143687432658 -0.284686262343483 -0.0519143687432658 1.11812813792736 0.423226149363298 -0.284686262343483 0.423226149363298 1.16798735294065
0.959600363306658 -0.0548879690056701 -0.29275554056124 -0.0548879690056701 1.12370159632644 0.435871562093446 -0.29275554056124 0.435871562093446 1.17606094516501
0.959711071606631 -0.0579491043272532 -0.300866829195038 -0.0579491043272532 1.12941298457271 0.448613955196107 -0.300866829195038 0.448613955196107 1.18433762022834
0.959881834598823 -0.0610983004723783 -0.30902154595606 -0.0610983004723783 1.13526345388604 0.461455551812073 -0.30902154595606 0.461455551812073 1.19281897101126
0.960112841097787 -0.0643360985773594 -0.31722111723691 -0.0643360985773594 1.14125417991055 0.474398593948572 -0.31722111723691 0.474398593948572 1.20150662631635
0.960404290113568 -0.0676630552564719 -0.325466978359574 -0.0676630552564719 1.14738636293618 0.487445342874184 -0.325466978359574 0.487445342874184 1.21040225117726
0.960756390895328 -0.0710797427106573 -0.333760573825136 -0.0710797427106573 1.15366122812465 0.500598079517376 -0.333760573825136 0.500598079517376 1.21950754717401
0.961169362976743 -0.0745867488389557 -0.342103357565274 -0.0745867488389557 1.16008002573982 0.513859104868732 -0.342103357565274 0.513859104868732 1.2288242527549
0.961643436223157 -0.0781846773526827 -0.350496793195588 -0.0781846773526827 1.16664403138247 0.527230740386954 -0.350496793195588 0.527230740386954 1.23835414356482
0.962178850880529 -0.0818741478923714 -0.358942354270817 -0.0818741478923714 1.17335454622955 0.54071532840869 -0.358942354270817 0.54071532840869 1.24809903278017
0.962775857626163 -0.0856557961475054 -0.367441524541958 -0.0856557961475054 1.18021289727801 0.554315232562287 -0.367441524541958 0.554315232562287 1.25806077145039
0.963434717621237 -0.0895302739790602 -0.375995798215371 -0.0895302739790602 1.18722043759319 0.568032838185517 -0.375995798215371 0.568032838185517 1.26824124884623
0.964155702565149 -0.0934982495448847 -0.38460668021388 -0.0934982495448847 1.19437854656176 0.581870552747363 -0.38460668021388 0.581870552747363 1.27864239281471
0.964939094751683 -0.0975604074279372 -0.393275686439941 -0.0975604074279372 1.20168863014944 0.59583080627394 -0.393275686439941 0.59583080627394 1.28926617014095
0.965785187127006 -0.101717448767406 -0.402004344040912 -0.101717448767406 1.20915212116335 0.609916051778626 -0.402004344040912 0.609916051778626 1.30011458691689
0.966694283349509 -0.105970091392741 -0.410794191676472 -0.105970091392741 1.21677047951917 0.624128765696469 -0.410794191676472 0.624128765696469 1.31118968891696
0.967666697851512 -0.110319069960615 -0.419646779788238 -0.110319069960615 1.22454519251309 0.638471448322966 -0.419646779788238 0.638471448322966 1.32249356198079
0.96870275590283 -0.114765136094848 -0.428563670871626 -0.114765136094848 1.23247777509863 0.652946624257275 -0.428563670871626 0.652946624257275 1.33402833240302
