0.980362844255482 -0.0471179843238067 0.0477551626670152 -0.0471179843238067 1.02202961758892 -0.00241358571699993 0.0477551626670152 -0.00241358571699993 1.00258655934561
0.977291024957161 -0.0557901756342635 0.0564434338133162 -0.0557901756342635 1.0263685174091 -0.00310741582200869 0.0564434338133162 -0.00310741582200869 1.00331170886752
0.97438318254533 -0.0644715093316697 0.0651095380110223 -0.0644715093316697 1.03079928866058 -0.0038792457794449 0.0651095380110223 -0.0038792457794449 1.00411402242455
0.971638547728447 -0.0731634326225083 0.0737549197132177 -0.0731634326225083 1.03532238487509 -0.00472920478517397 0.0737549197132177 -0.00472920478517397 1.00499334859806
0.969056379552614 -0.0818673920178239 0.0823810174045817 -0.0818673920178239 1.03993827387885 -0.00565743498236487 0.0823810174045817 -0.00565743498236487 1.00594954871988
0.966635965230059 -0.0905848335739871 0.0909892638497486 -0.0905848335739871 1.04464743784512 -0.00666409146312613 0.0909892638497486 -0.00666409146312613 1.00698249682688
0.96437661997259 -0.0993172031329743 0.0995810863402941 -0.0993172031329743 1.04945037334889 -0.00774934227228313 0.0995810863402941 -0.00774934227228313 1.00809207961781
0.962277686829972 -0.108065946562198 0.108157906940392 -0.108065946562198 1.05434759142399 -0.00891336841329454 0.108157906940392 -0.00891336841329454 1.00927819641225
0.960338536533188 -0.116832509993927 0.116721142731175 -0.116832509993927 1.05933961762235 -0.0101563638563018 0.116721142731175 -0.0101563638563018 1.01054075911177
0.958558567342551 -0.125618340064337 0.125272206053863 -0.125618340064337 1.06442699207572 -0.0114785355483207 0.125272206053863 -0.0114785355483207 1.01187969216322
0.95693720490064 -0.134424884152235 0.13381250475167 -0.134424884152235 1.06961026955957 -0.0128801034255538 0.13381250475167 -0.0128801034255538 1.01329493252411
0.955473902090022 -0.143253590617496 0.142343442410564 -0.143253590617496 1.07489001955936 -0.0143613004278414 0.142343442410564 -0.0143613004278414 1.01478642963024
0.954168138895728 -0.152105909039253 0.1508664185989 -0.152105909039253 1.08026682633914 -0.0159223725152355 0.1508664185989 -0.0159223725152355 1.01635414536532
0.953019422272452 -0.160983290453869 0.159382829105977 -0.160983290453869 1.08574128901241 -0.017563578686708 0.159382829105977 -0.017563578686708 1.01799805403278
0.952027286016445 -0.169887187592756 0.167894066179557 -0.169887187592756 1.09131402161543 -0.0192851910009766 0.167894066179557 -0.0192851910009766 1.01971814232965
0.95119129064208 -0.17881905512005 0.176401518762391 -0.17881905512005 1.09698565318278 -0.0210874945994691 0.176401518762391 -0.0210874945994691 1.0215144093226
0.950511023263037 -0.187780349870211 0.184906572727787 -0.187780349870211 1.10275682782528 -0.0229707877314066 0.184906572727787 -0.0229707877314066 1.02338686642593
0.949986097478115 -0.196772531085558 0.193410611114263 -0.196772531085558 1.10862820481032 -0.0249353817810177 0.193410611114263 -0.0249353817810177 1.02533553738183
0.949616153261619 -0.205797060653804 0.201915014359333 -0.205797060653804 1.11460045864455 -0.0269816012968799 0.201915014359333 -0.0269816012968799 1.02736045824253
0.949400856858294 -0.214855403345626 0.210421160532455 -0.214855403345626 1.12067427915889 -0.0291097840233947 0.210421160532455 -0.0291097840233947 1.02946167735466
0.9493399006828 -0.223949027052276 0.218930425567178 -0.223949027052276 1.126850371596 -0.0313202809343867 0.218930425567178 -0.0313202809343867 1.03163925534557
0.949433003223696 -0.23307940302334 0.227444183492554 -0.23307940302334 1.13312945670012 -0.033613456268842 0.227444183492554 -0.033613456268842 1.03389326511179
0.949679908951888 -0.242248006104603 0.235963806663816 -0.242248006104603 1.13951227080932 -0.0359896875687815 0.235963806663816 -0.0359896875687815 1.03622379180948
0.950080388233562 -0.251456314976128 0.244490665992394 -0.251456314976128 1.14599956595018 -0.0384493657192692 0.244490665992394 -0.0384493657192692 1.03863093284695
0.95063423724753 -0.260705812390553 0.25302613117529 -0.260705812390553 1.15259210993494 -0.0409928949905626 0.25302613117529 -0.0409928949905626 1.04111479787921
0.951341277907012 -0.26999798541164 0.261571570923862 -0.26999798541164 1.15929068646096 -0.043620693082409 0.261571570923862 -0.043620693082409 1.04367550880456
0.952201357785795 -0.279334325653143 0.270128353192042 -0.279334325653143 1.16609609521283 -0.0463331911704888 0.270128353192042 -0.0463331911704888 1.04631319976325
0.953214350048788 -0.288716329518012 0.278697845404041 -0.288716329518012 1.17300915196684 -0.0491308339550089 0.278697845404041 -0.0491308339550089 1.04902801713809
0.954380153386915 -0.298145498437969 0.28728141468158 -0.298145498437969 1.18003068869788 -0.0520140797114562 0.28728141468158 -0.0520140797114562 1.05182011955715
0.955698691956357 -0.307623339113524 0.295880428070661 -0.307623339113524 1.18716155368899 -0.0549834003435067 0.295880428070661 -0.0549834003435067 1.05468967789843
0.957169915322115 -0.317151363754432 0.304496252767957 -0.317151363754432 1.19440261164329 -0.0580392814381057 0.304496252767957 -0.0580392814381057 1.05763687529666
0.958793798405865 -0.326731090320651 0.313130256346818 -0.326731090320651 1.2017547437985 -0.0611822223227175 0.313130256346818 -0.0611822223227175 1.06066190715194
0.960570341438123 -0.336364042763849 0.321783806982963 -0.336364042763849 1.20921884804398 -0.0644127361247507 0.321783806982963 -0.0644127361247507 1.06376498114054
0.962499569914662 -0.346051751269474 0.330458273679878 -0.346051751269474 1.21679583904031 -0.0677313498331674 0.330458273679878 -0.0677313498331674 1.06694631722768
0.964581534557195 -0.35579575249944 0.339155026493954 -0.35579575249944 1.22448664834148 -0.0711386043622834 0.339155026493954 -0.0711386043622834 1.07020614768226
0.966816311278303 -0.365597589835481 0.347875436759432 -0.365597589835481 1.23229222451962 -0.0746350546177653 0.347875436759432 -0.0746350546177653 1.07354471709369
0.9692040011506 -0.375458813623182 0.356620877313153 -0.375458813623182 1.24021353329238 -0.0782212695648268 0.356620877313153 -0.0782212695648268 1.07696228239066
0.971744730380096 -0.385380981416752 0.365392722719172 -0.385380981416752 1.24825155765288 -0.0818978322986402 0.365392722719172 -0.0818978322986402 1.08045911286197
0.974438650283799 -0.395365658224564 0.374192349493284 -0.395365658224564 1.25640729800234 -0.0856653401169672 0.374192349493284 -0.0856653401169672 1.08403549017933
0.977285937271478 -0.405414416755511 0.383021136327471 -0.405414416755511 1.26468177228529 -0.0895244045950123 0.383021136327471 -0.0895244045950123 1.08769170842218
0.980286792831643 -0.415528837666215 0.391880464314332 -0.415528837666215 1.27307601612761 -0.0934756516625181 0.391880464314332 -0.0934756516625181 1.09142807410456
0.983441443521682 -0.425710509809111 0.400771717171517 -0.425710509809111 1.28159108297701 -0.097519721683098 0.400771717171517 -0.097519721683098 1.09524490620393
0.986750140962168 -0.435961030481485 0.409696281466217 -0.435961030481485 1.2902280442465 -0.101657269535831 0.409696281466217 -0.101657269535831 1.09914253619203
0.990213161835338 -0.446282005675456 0.418655546839729 -0.446282005675456 1.29898798946033 -0.105888964699111 0.418655546839729 -0.105888964699111 1.1031213080678
0.993830807887705 -0.456675050328987 0.427650906232153 -0.456675050328987 1.30787202640289 -0.110215491336777 0.427650906232153 -0.110215491336777 1.10718157839222
0.997603405936828 -0.467141788577935 0.436683756107238 -0.467141788577935 1.31688128127019 -0.114637548386525 0.436683756107238 -0.114637548386525 1.11132371632526
1.00153130788222 -0.47768385400919 0.445755496677435 -0.47768385400919 1.32601689882429 -0.119155849650611 0.445755496677435 -0.119155849650611 1.11554810366477
1.00561489072039 -0.488302889914945 0.454867532129175 -0.488302889914945 1.33528004255043 -0.123771123888864 0.454867532129175 -0.123771123888864 1.11985513488751
1.00985455656401 -0.499000549548138 0.464021270848413 -0.499000549548138 1.344671894817 -0.128484114914014 0.464021270848413 -0.128484114914014 1.12424521719208
1.01425073266519 -0.509778496379096 0.473218125646493 -0.509778496379096 1.35419365703844 -0.133295581689348 0.473218125646493 -0.133295581689348 1.12871877054394
