1.03918019317804 -0.032996876159951 0.00454796901614132 -0.032996876159951 0.931501594283571 -0.00368960140129521 0.00454796901614132 -0.00368960140129521 1.03425667377975
1.04666194210978 -0.0389495178705913 0.00543215967643801 -0.0389495178705913 0.91956328690064 -0.00436933013295642 0.00543215967643801 -0.00436933013295642 1.04067874542814
1.05423332609239 -0.0448710890946046 0.00633186562475085 -0.0448710890946046 0.907817615814978 -0.00504997187080587 0.00633186562475085 -0.00504997187080587 1.04714182517242
1.06189479437942 -0.0507625556636613 0.00724723398948851 -0.0507625556636613 0.896261879623211 -0.00573163771503303 0.00724723398948851 -0.00573163771503303 1.05364618046742
1.06964680541718 -0.0566248736761323 0.00817841382575926 -0.0566248736761323 0.884893418143 -0.00641443840172845 0.00817841382575926 -0.00641443840172845 1.06019208062032
1.07748982685091 -0.0624589896817159 0.0091255561281112 -0.0624589896817159 0.873709611815676 -0.00709848432071322 0.0091255561281112 -0.00709848432071322 1.06677979680346
1.08542433553211 -0.0682658408637031 0.010088813843481 -0.0682658408637031 0.862707881117795 -0.00778388553322108 0.010088813843481 -0.00778388553322108 1.07340960206717
1.09345081752706 -0.0740463552189218 0.0110683418843527 -0.0740463552189218 0.851885685981502 -0.00847075178943923 0.0110683418843527 -0.00847075178943923 1.08008177135282
1.10156976812653 -0.0798014517353968 0.0120642971421245 -0.0798014517353968 0.841240525223566 -0.00915919254590929 0.0120642971421245 -0.00915919254590929 1.08679658150591
1.10978169185661 -0.0855320405677628 0.0130768385006918 -0.0855320405677628 0.830769935982964 -0.00984931698279421 0.0130768385006918 -0.00984931698279421 1.09355431128926
1.11808710249076 -0.0912390232104607 0.0141061268502355 -0.0912390232104607 0.820471493166875 -0.0105412340210094 0.0141061268502355 -0.0105412340210094 1.1003552413963
1.12648652306301 -0.0969232926687698 0.0151523251012267 -0.0969232926687698 0.810342808904989 -0.0112350523392273 0.0151523251012267 -0.0112350523392273 1.10719965446452
1.13498048588227 -0.102585733627692 0.016215598198643 -0.102585733627692 0.800381532011973 -0.0119308803907523 0.016215598198643 -0.0119308803907523 1.11408783508893
1.14356953254782 -0.108227222618732 0.0172961131364009 -0.108227222618732 0.790585347458001 -0.0126288264202752 0.0172961131364009 -0.0126288264202752 1.12102006983575
1.15225421396596 -0.113848628184619 0.0183940389719996 -0.113848628184619 0.780951975847229 -0.0133289984805046 0.0183940389719996 -0.0133289984805046 1.12799664725609
1.16103509036779 -0.119450811041978 0.0195095468413834 -0.119450811041978 0.771479172904074 -0.0140315044486822 0.0195095468413834 -0.0140315044486822 1.13501785789981
1.16991273132807 -0.125034624242007 0.0206428099740196 -0.125034624242007 0.762164728967212 -0.0147364520429818 0.0206428099740196 -0.0147364520429818 1.14208399432947
1.17888771578531 -0.130600913329192 0.0217940037081923 -0.130600913329192 0.753006468491172 -0.0154439488387992 0.0217940037081923 -0.0154439488387992 1.14919535113437
1.18796063206289 -0.136150516498073 0.0229633055065183 -0.136150516498073 0.744002249555404 -0.0161541022849296 0.0229633055065183 -0.0161541022849296 1.15635222494473
1.19713207789137 -0.141684264748116 0.0241508949716784 -0.141684264748116 0.735149963380723 -0.0168670197196419 0.0241508949716784 -0.0168670197196419 1.16355491444598
1.20640266043192 -0.147202982036712 0.0253569538623711 -0.147202982036712 0.726447533853026 -0.017582808386649 0.0253569538623711 -0.017582808386649 1.17080372039312
1.21577299630079 -0.152707485430334 0.0265816661094871 -0.152707485430334 0.717892917054155 -0.0183015754509757 0.0265816661094871 -0.0183015754509757 1.17809894562526
1.22524371159498 -0.158198585253888 0.027825217832507 -0.158198585253888 0.709484100799828 -0.0190234280147327 0.027825217832507 -0.0190234280147327 1.18544089508021
1.23481544191897 -0.163677085238279 0.0290877973561187 -0.163677085238279 0.701219104184508 -0.01974847313279 0.0290877973561187 -0.01974847313279 1.19282987580923
1.24448883241259 -0.169143782666239 0.0303695952270664 -0.169143782666239 0.693095977133134 -0.0204768178283645 0.0303695952270664 -0.0204768178283645 1.20026619699188
1.25426453777995 -0.174599468516427 0.0316708042312163 -0.174599468516427 0.685112799959597 -0.0212085691085121 0.0316708042312163 -0.0212085691085121 1.20775016995095
1.26414322231952 -0.180044927605844 0.0329916194108554 -0.180044927605844 0.677267682931861 -0.0219438339795363 0.0329916194108554 -0.0219438339795363 1.21528210816759
1.27412555995527 -0.185480938730587 0.0343322380822172 -0.185480938730587 0.669558765843647 -0.0226827194623109 0.0343322380822172 -0.0226827194623109 1.22286232729646
1.28421223426892 -0.190908274804973 0.0356928598532324 -0.190908274804973 0.66198421759257 -0.0234253326075214 0.0356928598532324 -0.0234253326075214 1.23049114518111
1.2944039385333 -0.196327702999053 0.0370736866415144 -0.196327702999053 0.65454223576464 -0.0241717805108258 0.0370736866415144 -0.0241717805108258 1.23816888186934
1.30470137574675 -0.20173998487456 0.0384749226925738 -0.20173998487456 0.647231046225043 -0.0249221703279411 0.0384749226925738 -0.0249221703279411 1.24589585962882
1.31510525866871 -0.2071458765193 0.0398967745982668 -0.2071458765193 0.640048902715083 -0.0256766092896531 0.0398967745982668 -0.0256766092896531 1.25367240296272
1.32561630985629 -0.212546128680027 0.0413394513154753 -0.212546128680027 0.632994086455231 -0.0264352047167548 0.0413394513154753 -0.0264352047167548 1.26149883862558
1.33623526170195 -0.217941486893818 0.042803164185024 -0.217941486893818 0.626064905754168 -0.0271980640349171 0.042803164185024 -0.0271980640349171 1.26937549563914
1.34696285647237 -0.223332691617984 0.0442881269508348 -0.223332691617984 0.619259695623738 -0.0279652947894902 0.0442881269508348 -0.0279652947894902 1.27730270530848
1.35779984634826 -0.228720478358543 0.0457945557793162 -0.228720478358543 0.612576817399738 -0.0287370046602429 0.0457945557793162 -0.0287370046602429 1.28528080123812
1.36874699346532 -0.234105577797259 0.0473226692789945 -0.234105577797259 0.606014658368436 -0.0295133014760369 0.0473226692789945 -0.0295133014760369 1.29331011934836
1.3798050699563 -0.239488715917309 0.0488726885203848 -0.239488715917309 0.599571631398764 -0.0302942932294442 0.0488726885203848 -0.0302942932294442 1.30139099789172
1.39097485799412 -0.244870614127574 0.0504448370561026 -0.244870614127574 0.593246174580068 -0.0310800880913055 0.0504448370561026 -0.0310800880913055 1.30952377746942
1.40225714983606 -0.250251989385589 0.0520393409412222 -0.250251989385589 0.587036750865376 -0.0318707944252333 0.0520393409412222 -0.0318707944252333 1.31770880104816
1.41365274786903 -0.255633554319174 0.0536564287538764 -0.255633554319174 0.580941847720062 -0.0326665208020634 0.0536564287538764 -0.0326665208020634 1.32594641397686
1.42516246465599 -0.261016017346774 0.055296331616104 -0.261016017346774 0.574959976775854 -0.0334673760142544 0.055296331616104 -0.0334673760142544 1.33423696400362
1.43678712298332 -0.266400082796527 0.0569592832149473 -0.266400082796527 0.569089673490103 -0.0342734690902396 0.0569592832149473 -0.0342734690902396 1.34258080129282
1.44852755590939 -0.27178645102409 0.0586455198237957 -0.27178645102409 0.563329496810233 -0.0350849093087344 0.0586455198237957 -0.0350849093087344 1.35097827844229
1.46038460681416 -0.277175818529232 0.060355280323983 -0.277175818529232 0.557678028843295 -0.0359018062129964 0.060355280323983 -0.0359018062129964 1.35942975050066
1.47235912944983 -0.282568878071235 0.0620888062266352 -0.282568878071235 0.55213387453056 -0.0367242696250472 0.0620888062266352 -0.0367242696250472 1.36793557498485
1.48445198799264 -0.287966318783112 0.0638463416947742 -0.287966318783112 0.546695661327065 -0.0375524096598527 0.0638463416947742 -0.0375524096598527 1.37649611189768
1.49666405709571 -0.29336882628467 0.0656281335656785 -0.29336882628467 0.541362038886058 -0.038386336739468 0.0656281335656785 -0.038386336739468 1.3851117237456
1.50899622194297 -0.298777082794441 0.0674344313734968 -0.298777082794441 0.536131678748249 -0.0392261616071445 0.0674344313734968 -0.0392261616071445 1.39378277555656
1.52144937830415 -0.304191767240493 0.069265487372127 -0.304191767240493 0.531003274035815 -0.0400719953414073 0.069265487372127 -0.0400719953414073 1.40250963489809
