0.966655197410238 0.0306094721404098 0.0221738938229883 0.0306094721404098 0.972916295342637 0.0248793416335812 0.0221738938229883 0.0248793416335812 1.06546334791299
0.960809660810537 0.0360860384693255 0.026403410333854 0.0360860384693255 0.968192548292254 0.0296227357897768 0.026403410333854 0.0296227357897768 1.07806163000501
0.95504920651813 0.0415197647426395 0.0306833439592172 0.0415197647426395 0.963545608496082 0.0344220251283393 0.0306833439592172 0.0344220251283393 1.09084442968837
0.949373251562871 0.0469115832783577 0.0350144282297495 0.0469115832783577 0.95897508403573 0.0392780321976805 0.0350144282297495 0.0392780321976805 1.10381434324935
0.943781224907764 0.0522624215218334 0.039397407051439 0.0522624215218334 0.954480594012538 0.0441915910724741 0.039397407051439 0.0441915910724741 1.11697400376207
0.938272567386815 0.0575732021853948 0.0438330348519819 0.0575732021853948 0.950061768514267 0.0491635475175338 0.0438330348519819 0.0491635475175338 1.13032608160903
0.932846731644652 0.0628448433875463 0.0483220767292528 0.0628448433875463 0.94571824858347 0.0541947591540047 0.0483220767292528 0.0541947591540047 1.1438732850092
0.927503182077917 0.0680782587917711 0.0528653086018807 0.0680782587917711 0.941449686187579 0.0592860956278984 0.0528653086018807 0.0592860956278984 1.1576183605534
0.922241394778415 0.0732743577449525 0.0574635173619665 0.0732743577449525 0.937255744190681 0.0644384387810091 0.0574635173619665 0.0644384387810091 1.17156409374735
0.91706085747803 0.0784340454154377 0.0621175010299659 0.0784340454154377 0.933136096327005 0.0696526828242412 0.0621175010299659 0.0696526828242412 1.18571330956244
0.911961069495386 0.0835582229307649 0.0668280689117723 0.0835582229307649 0.929090427176095 0.0749297345133835 0.0668280689117723 0.0749297345133835 1.20006887299418
0.906941541684257 0.0886477875150735 0.0715960417580286 0.0886477875150735 0.925118432139685 0.0802705133273651 0.0715960417580286 0.0802705133273651 1.2146336896287
0.902001796383726 0.093703632626225 0.0764222519257022 0.093703632626225 0.921219817420288 0.0856759516490289 0.0764222519257022 0.0856759516490289 1.22941070621711
0.89714136737009 0.0987266480926459 0.0813075435419498 0.0987266480926459 0.917394300001458 0.0911469949484556 0.0813075435419498 0.0911469949484556 1.24440291125815
0.892359799810485 0.103717720249925 0.0862527726703117 0.103717720249925 0.913641607629785 0.0966846019688786 0.0862527726703117 0.0966846019688786 1.25961333558898
0.887656650218268 0.108677732077182 0.091258807479261 0.108677732077182 0.909961478798567 0.102289744915222 0.091258807479261 0.102289744915222 1.27504505298434
0.883031486410111 0.113607563333225 0.096326528413147 0.113607563333225 0.906353662733202 0.107963409645302 0.096326528413147 0.107963409645302 1.29070118076425
0.878483887464841 0.118508090692523 0.101456828365563 0.118508090692523 0.902817919378278 0.113706595863729 0.101456828365563 0.113706595863729 1.30658488041027
0.874013443683991 0.12338018788102 0.106650612855173 0.12338018788102 0.899354019386376 0.119520317318549 0.106650612855173 0.119520317318549 1.32269935819048
0.869619756554086 0.128224725811801 0.111908800204036 0.128224725811801 0.895961744108587 0.125405602000661 0.111908800204036 0.125405602000661 1.33904786579332
0.86530243871065 0.133042572720643 0.117232321718458 0.133042572720643 0.892640885586731 0.131363492346048 0.117232321718458 0.131363492346048 1.35563370097038
0.861061113903932 0.137834594301456 0.122622121872405 0.137834594301456 0.889391246547307 0.137395045440873 0.122622121872405 0.137395045440873 1.37246020818835
0.85689541696635 0.142601653841661 0.128079158493529 0.142601653841661 0.886212640397152 0.143501333229467 0.128079158493529 0.143501333229467 1.38953077929013
0.85280499378166 0.147344612357508 0.13360440295182 0.147344612357508 0.883104891220831 0.149683442725251 0.13360440295182 0.149683442725251 1.40684885416529
0.848789501255838 0.152064328729355 0.139198840350943 0.152064328729355 0.880067833779751 0.155942476224649 0.139198840350943 0.155942476224649 1.42441792143012
0.844848607289684 0.156761659836939 0.144863469722284 0.156761659836939 0.877101313513005 0.16227955152401 0.144863469722284 0.16227955152401 1.44224151911719
0.840981990753138 0.161437460694667 0.150599304221749 0.161437460694667 0.874205186539958 0.168695802139609 0.150599304221749 0.168695802139609 1.46032323537474
0.837189341461318 0.166092584586921 0.156407371329352 0.166092584586921 0.871379319664571 0.175192377530744 0.156407371329352 0.175192377530744 1.47866670917594
0.83347036015228 0.170727883203438 0.162288713051639 0.170727883203438 0.86862359038147 0.18177044332599 0.162288713051639 0.18177044332599 1.49727563103821
0.829824758466484 0.175344206774747 0.168244386126975 0.175344206774747 0.865937886883764 0.188431181552658 0.168244386126975 0.188431181552658 1.51615374375269
0.826252258927993 0.179942404207726 0.174275462233745 0.179942404207726 0.863322108072627 0.19517579086948 0.174275462233745 0.19517579086948 1.53530484312408
0.82275259492739 0.184523323221262 0.180383028201511 0.184523323221262 0.860776163568642 0.2020054868026 0.180383028201511 0.2020054868026 1.55473277872092
0.819325510706407 0.189087810482065 0.186568186225154 0.189087810482065 0.858299973724905 0.208921501984887 0.186568186225154 0.208921501984887 1.5744414546365
0.815970761344298 0.193636711740647 0.192832054082059 0.193636711740647 0.855893469641918 0.215925086398636 0.192832054082059 0.215925086398636 1.59443483026053
0.812688112745919 0.198170871967486 0.199175765352378 0.198170871967486 0.853556593184253 0.223017507621698 0.199175765352378 0.223017507621698 1.61471692106175
0.809477341631549 0.20269113548941 0.205600469642409 0.20269113548941 0.851289296999017 0.230200051077095 0.205600469642409 0.230200051077095 1.63529179938162
0.80633823552844 0.207198346126202 0.212107332811154 0.207198346126202 0.849091544536104 0.237474020286148 0.212107332811154 0.237474020286148 1.65616359523921
0.803270592764096 0.211693347327473 0.218697537200076 0.211693347327473 0.846963310070259 0.244840737125199 0.218697537200076 0.244840737125199 1.67733649714753
0.800274222461299 0.216176982309814 0.225372281866117 0.216176982309814 0.844904578724954 0.252301542085955 0.225372281866117 0.252301542085955 1.69881475294138
0.797348944534871 0.220650094194242 0.232132782818024 0.220650094194242 0.842915346498085 0.25985779453951 0.232132782818024 0.25985779453951 1.72060267061693
0.794494589690178 0.225113526143985 0.238980273256017 0.225113526143985 0.840995620289496 0.267510873004106 0.238980273256017 0.267510873004106 1.74270461918319
0.79171099942339 0.229568121502603 0.245916003814854 0.229568121502603 0.839145417930354 0.27526217541667 0.245916003814854 0.27526217541667 1.76512502952554
0.788998026023495 0.234014723932493 0.252941242810352 0.234014723932493 0.837364768214355 0.283113119408201 0.252941242810352 0.283113119408201 1.78786839528142
0.786355532576058 0.238454177553782 0.260057276489383 0.238454177553782 0.835653710930806 0.29106514258304 0.260057276489383 0.29106514258304 1.81093927372853
0.783783392968766 0.242887327083645 0.26726540928343 0.242887327083645 0.834012296899566 0.299119702802097 0.26726540928343 0.299119702802097 1.8343422866855
0.78128149189872 0.247315017976064 0.27456696406573 0.247315017976064 0.83244058800787 0.307278278470074 0.27456696406573 0.307278278470074 1.85808212142535
0.778849724881516 0.25173809656205 0.281963282412052 0.25173809656205 0.830938657249037 0.315542368826758 0.281963282412052 0.315542368826758 1.88216353160188
0.776487998262099 0.256157410190369 0.289455724865188 0.256157410190369 0.829506588763087 0.323913494242425 0.289455724865188 0.323913494242425 1.90659133818917
0.774196229227404 0.260573807368766 0.297045671203176 0.260573807368766 0.828144477879265 0.332393196517426 0.297045671203176 0.332393196517426 1.93137043043436
0.771974345820797 0.264988137905744 0.304734520711332 0.264988137905744 0.826852431160489 0.340983039186008 0.304734520711332 0.340983039186008 1.95650576682397
