0.977782240970545 0.0329795412916993 -0.0301127758869348 0.0329795412916993 0.962550218573517 0.00151567190012708 -0.0301127758869348 0.00151567190012708 1.06467685807799
0.973974557342003 0.0388134096584801 -0.0357726821179168 0.0388134096584801 0.955947550103818 0.00169044344881859 -0.0357726821179168 0.00169044344881859 1.0770993965251
0.970250222905745 0.0445803657888112 -0.0414749752791404 0.0445803657888112 0.949427906015615 0.00183314634599938 -0.0414749752791404 0.00183314634599938 1.08969584385463
0.966608696546839 0.0502813862014632 -0.0472206207065056 0.0502813862014632 0.942990271934612 0.00194380482097149 -0.0472206207065056 0.00194380482097149 1.10246842194777
0.96304945078856 0.0559174368068675 -0.0530105915616035 0.0559174368068675 0.936633646739568 0.00202243770906855 -0.0530105915616035 0.00202243770906855 1.11541938353249
0.959571971710802 0.0614894730641885 -0.0588458689997997 0.0614894730641885 0.930357042400724 0.00206905845196328 -0.0588458689997997 0.00206905845196328 1.12855101257945
0.956175758870745 0.0669984401367087 -0.0647274423397532 0.0669984401367087 0.924159483820358 0.00208367509706486 -0.0647274423397532 0.00208367509706486 1.14186562470332
0.952860325225745 0.0724452730455675 -0.0706563092344019 0.0724452730455675 0.918040008675431 0.00206629029600816 -0.0706563092344019 0.00206629029600816 1.15536556756973
0.949625197058433 0.0778308968218736 -0.0766334758434412 0.0778308968218736 0.911997667262298 0.00201690130223341 -0.0766334758434412 0.00201690130223341 1.16905322130773
0.946469913904034 0.0831562266572133 -0.0826599570073291 0.0831562266572133 0.906031522343468 0.00193549996765488 -0.0826599570073291 0.00193549996765488 1.18293099892799
0.943394028479859 0.0884221680525849 -0.0887367764228451 0.0884221680525849 0.900140648996377 0.00182207273841801 -0.0887367764228451 0.00182207273841801 1.19700134674681
0.940397106617004 0.0936296169657753 -0.0948649668202347 0.0936296169657753 0.894324134464158 0.00167660064974413 -0.0948649668202347 0.00167660064974413 1.21126674481587
0.937478727194202 0.0987794599572127 -0.101045570141969 0.0987794599572127 0.888581078008377 0.00149905931986023 -0.101045570141969 0.00149905931986023 1.22572970735797
0.934638482073842 0.103872574334309 -0.107279637723154 0.103872574334309 0.882910590763723 0.00128941894301372 -0.107279637723154 0.00128941894301372 1.24039278320867
0.931875976040152 0.108909828294327 -0.113568230473612 0.108909828294327 0.87731179559461 0.00104764428156973 -0.113568230473612 0.00104764428156973 1.25525855626415
0.929190826739512 0.113892081065778 -0.119912419061682 0.113892081065778 0.871783826953685 0.000773694657188781 -0.119912419061682 0.000773694657188781 1.27032964593501
0.926582664622904 0.1188201830484 -0.126313284099751 0.1188201830484 0.866325830742214 0.000467523941083695 -0.126313284099751 0.000467523941083695 1.28560870760646
0.924051132890501 0.123694975951707 -0.132771916331569 0.123694975951707 0.860936964172316 0.000129080543353345 -0.132771916331569 0.000129080543353345 1.30109843310475
0.921595887438353 0.128517292932157 -0.139289416821362 0.128517292932157 0.855616395631038 -0.000241692598609497 -0.139289416821362 -0.000241692598609497 1.31680155116997
0.919216596807202 0.133287958728954 -0.145866897144791 0.133287958728954 0.850363304546224 -0.000644858032638466 -0.145866897144791 -0.000644858032638466 1.33272082793537
0.916912942133391 0.138007789798498 -0.152505479581778 0.138007789798498 0.845176881254195 -0.00108048380524368 -0.152505479581778 -0.00108048380524368 1.34885906741314
0.914684617101868 0.142677594447515 -0.15920629731124 0.142677594447515 0.840056326869177 -0.00154864347599614 -0.15920629731124 -0.00154864347599614 1.36521911198699
0.912531327901279 0.147298172964886 -0.165970494607763 0.147298172964886 0.83500085315448 -0.00204941613284833 -0.165970494607763 -0.00204941613284833 1.38180384291127
0.910452793181152 0.151870317752191 -0.17279922704025 0.151870317752191 0.830009682395412 -0.00258288640839323 -0.17279922704025 -0.00258288640839323 1.39861618081705
0.908448744011135 0.156394813453003 -0.179693661672572 0.156394813453003 0.825082047273878 -0.00314914449706735 -0.179693661672572 -0.00314914449706735 1.41565908622499
0.906518923842338 0.160872437080932 -0.186654977266271 0.160872437080932 0.820217190744687 -0.00374828617329841 -0.186654977266271 -0.00374828617329841 1.43293556006532
0.904663088470706 0.165303958146462 -0.193684364485334 0.165303958146462 0.815414365913505 -0.00438041281060411 -0.193684364485334 -0.00438041281060411 1.4504486442048
0.902881006002474 0.169690138782585 -0.200783026103084 0.169690138782585 0.810672835916459 -0.00504563140164249 -0.200783026103084 -0.00504563140164249 1.46820142198087
0.901172456821671 0.174031733869267 -0.20795217721122 0.174031733869267 0.805991873801373 -0.00574405457922081 -0.20795217721122 -0.00574405457922081 1.48619701874318
0.899537233559669 0.178329491156746 -0.215193045431044 0.178329491156746 0.801370762410596 -0.00647580063826516 -0.215193045431044 -0.00647580063826516 1.5044386024023
0.89797514106679 0.18258415138771 -0.222506871126911 0.18258415138771 0.796808794265434 -0.00724099355875538 -0.222506871126911 -0.00724099355875538 1.52292938398606
0.896485996385944 0.186796448418344 -0.229894907621935 0.186796448418344 0.792305271452136 -0.00803976302963023 -0.229894907621935 -0.00803976302963023 1.54167261820336
0.895069628728316 0.190967109338295 -0.237358421416004 0.190967109338295 0.787859505509444 -0.00887224447366637 -0.237358421416004 -0.00887224447366637 1.56067160401565
0.893725879451088 0.195096854589556 -0.244898692406112 0.195096854589556 0.783470817317661 -0.00973857907333704 -0.244898692406112 -0.00973857907333704 1.57992968521618
0.892454602037188 0.199186398084287 -0.252517014109086 0.199186398084287 0.779138536989247 -0.0106389137976537 -0.252517014109086 -0.0106389137976537 1.59945025101713
0.891255662077084 0.203236447321609 -0.26021469388671 0.203236447321609 0.774862003760902 -0.0115734014299985 -0.26021469388671 -0.0115734014299985 1.61923673664464
0.89012893725259 0.207247703503374 -0.267993053173306 0.207247703503374 0.770640565887135 -0.0125422005969483 -0.267993053173306 -0.0125422005969483 1.63929262394196
0.889074317322719 0.211220861648939 -0.275853427705811 0.211220861648939 0.766473580535292 -0.0135454757981012 -0.275853427705811 -0.0135454757981012 1.65962144198079
0.88809170411155 0.215156610708957 -0.283797167756377 0.215156610708957 0.762360413682028 -0.0145833974369059 -0.283797167756377 -0.0145833974369059 1.68022676768084
0.887181011498124 0.219055633678206 -0.291825638367551 0.219055633678206 0.758300440011214 -0.0156561418525032 -0.291825638367551 -0.0156561418525032 1.70111222643781
0.886342165408364 0.222918607707478 -0.299940219590065 0.222918607707478 0.754293042813244 -0.0167638913525833 -0.299940219590065 -0.0167638913525833 1.72228149275987
0.88557510380903 0.226746204214543 -0.308142306723278 0.226746204214543 0.75033761388576 -0.0179068342472677 -0.308142306723278 -0.0179068342472677 1.74373829091279
0.884879776703678 0.230539088994202 -0.31643331055832 0.230539088994202 0.746433553435729 -0.0190851648840182 -0.31643331055832 -0.0190851648840182 1.76548639557371
0.884256146130669 0.234297922327453 -0.324814657623969 0.234297922327453 0.742580269982908 -0.0202990836835824 -0.324814657623969 -0.0202990836835824 1.7875296324938
0.883704186163185 0.238023359089793 -0.333287790435317 0.238023359089793 0.738777180264646 -0.0215487971769819 -0.333287790435317 -0.0215487971769819 1.80987187916992
0.883223882911284 0.241716048858657 -0.341854167745253 0.241716048858657 0.73502370914202 -0.0228345180435476 -0.341854167745253 -0.0228345180435476 1.83251706552523
0.882815234525972 0.245376636020028 -0.350515264798821 0.245376636020028 0.731319289507294 -0.0241564651500136 -0.350515264798821 -0.0241564651500136 1.85546917459914
0.88247825120532 0.249005759874225 -0.359272573590489 0.249005759874225 0.727663362192682 -0.0255148635906711 -0.359272573590489 -0.0255148635906711 1.87873224324646
0.882212955202602 0.252604054740901 -0.368127603124378 0.252604054740901 0.724055375880387 -0.0269099447285953 -0.368127603124378 -0.0269099447285953 1.90231036284604
0.882019380836474 0.256172150063241 -0.37708187967749 0.256172150063241 0.72049478701394 -0.0283419462379489 -0.37708187967749 -0.0283419462379489 1.92620768001898
