1.03164482318499 0.0455068524888989 0.0158398276576143 0.0455068524888989 0.958649858216378 0.0344731599324899 0.0158398276576143 0.0344731599324899 1.01469380722955
1.03781426631077 0.0538699050344773 0.0189969910081719 0.0538699050344773 0.951601579596827 0.040778378990705 0.0189969910081719 0.040778378990705 1.01757110898098
1.0440966434083 0.0622378835611249 0.0222323397781296 0.0622378835611249 0.944719518359715 0.047077977175999 0.0222323397781296 0.047077977175999 1.02050454358594
1.05049283889175 0.0706121898199068 0.0255464162410967 0.0706121898199068 0.938002353942125 0.0533730097196753 0.0255464162410967 0.0533730097196753 1.02349443424317
1.05700375530679 0.0789942252194533 0.0289397753991326 0.0789942252194533 0.931448794741414 0.0596645300223455 0.0289397753991326 0.0596645300223455 1.0265411131758
1.0636303134636 0.0873853910611732 0.0324129850630552 0.0873853910611732 0.925057577869698 0.0659535898323008 0.0324129850630552 0.0659535898323008 1.02964492167776
1.07037345257278 0.0957870887742029 0.0359666259348249 0.0957870887742029 0.918827468913365 0.0722412394234253 0.0359666259348249 0.0722412394234253 1.03280621016185
1.07723413038424 0.104200720150151 0.0396012916919989 0.104200720150151 0.912757261697621 0.0785285277726839 0.0396012916919989 0.0785285277726839 1.03602533820913
1.08421332332904 0.112627687577662 0.0433175890742802 0.112627687577662 0.906845778055998 0.0848165027372166 0.0433175890742802 0.0848165027372166 1.03930267461987
1.0913120266642 0.121069394276846 0.0471161379721662 0.121069394276846 0.901091867604786 0.0911062112310638 0.0471161379721662 0.0911062112310638 1.04263859746603
1.09853125462056 0.129527244533614 0.0509975715177133 0.129527244533614 0.895494407522351 0.09739869940156 0.0509975715177133 0.09739869940156 1.04603349414517
1.10587204055365 0.138002643933952 0.0549625361774285 0.138002643933952 0.890052302333295 0.103695012805418 0.0549625361774285 0.103695012805418 1.04948776143589
1.11333543709759 0.146496999598187 0.0590116918473052 0.146496999598187 0.884764483697405 0.109996196584544 0.0590116918473052 0.109996196584544 1.0530018055548
1.12092251632213 0.155011720415262 0.0631457119500105 0.155011720415262 0.879629910203382 0.116303295641594 0.0631457119500105 0.116303295641594 1.05657604221504
1.12863436989269 0.163548217277085 0.0673652835342463 0.163548217277085 0.874647567167263 0.12261735481533 0.0673652835342463 0.12261735481533 1.06021089668625
1.13647210923366 0.17210790331297 0.0716711073762901 0.17210790331297 0.869816466435553 0.128939419055778 0.0716711073762901 0.128939419055778 1.06390680385616
1.14443686569469 0.180692194124217 0.076063898083737 0.180692194124217 0.865135646192972 0.135270533599231 0.076063898083737 0.135270533599231 1.06766420829371
1.15252979072031 0.189302508018884 0.080544384201455 0.189302508018884 0.860604170774839 0.141611744143128 0.080544384201455 0.141611744143128 1.0714835643137
1.16075205602259 0.197940266246753 0.0851133083197707 0.197940266246753 0.856221130484 0.147964097020829 0.0851133083197707 0.147964097020829 1.07536533604306
1.16910485375718 0.206606893234582 0.0897714271848976 0.206606893234582 0.851985641412309 0.15432863937633 0.0897714271848976 0.15432863937633 1.07930999748861
1.17758939670246 0.215303816821625 0.0945195118116298 0.215303816821625 0.847896845266606 0.160706419338924 0.0945195118116298 0.160706419338924 1.08331803260654
1.18620691844206 0.224032468495509 0.0993583475983097 0.224032468495509 0.843953909199154 0.16709848619787 0.0993583475983097 0.16709848619787 1.08738993537335
1.19495867355067 0.232794283628477 0.104288734444095 0.232794283628477 0.840156025642526 0.173505890577065 0.104288734444095 0.173505890577065 1.09152620985851
1.2038459377831 0.241590701714039 0.109311486868536 0.241590701714039 0.836502412148878 0.179929684609773 0.109311486868536 0.179929684609773 1.09572737029863
1.21287000826683 0.250423166604091 0.114427434133483 0.250423166604091 0.832992311233612 0.186370922113429 0.114427434133483 0.186370922113429 1.09999394117339
1.22203220369785 0.259293126746512 0.119637420367342 0.259293126746512 0.829624990223357 0.192830658764552 0.119637420367342 0.192830658764552 1.10432645728298
1.23133386453995 0.268202035423301 0.1249423046917 0.268202035423301 0.826399741108279 0.19930995227379 0.1249423046917 0.19930995227379 1.10872546382727
1.24077635322747 0.277151350989279 0.13034296135033 0.277151350989279 0.823315880398664 0.205809862561131 0.13034296135033 0.205809862561131 1.11319151648663
1.25036105437149 0.286142537111411 0.135840279840609 0.286142537111411 0.820372748985761 0.212331451931314 0.135840279840609 0.212331451931314 1.11772518150442
1.26008937496958 0.295177063008767 0.141435165047352 0.295177063008767 0.817569712006837 0.218875785249455 0.141435165047352 0.218875785249455 1.12232703577114
1.26996274461907 0.304256403693183 0.147128537379097 0.304256403693183 0.814906158714449 0.225443930116935 0.147128537379097 0.225443930116935 1.12699766691035
1.27998261573386 0.313382040210636 0.152921332906852 0.313382040210636 0.812381502349872 0.232036957047557 0.152921332906852 0.232036957047557 1.13173767336622
1.29015046376489 0.32255545988341 0.158814503505328 0.32255545988341 0.80999518002069 0.23865593964403 0.158814503505328 0.23865593964403 1.13654766449286
1.30046778742422 0.331778156553052 0.164809016996679 0.331778156553052 0.807746652582495 0.245301954774781 0.164809016996679 0.245301954774781 1.14142826064536
1.3109361089128 0.341051630824182 0.170905857296769 0.341051630824182 0.80563540452469 0.251976082751145 0.170905857296769 0.251976082751145 1.14638009327261
1.3215569741519 0.350377390309198 0.177106024563993 0.350377390309198 0.803660943860376 0.258679407504945 0.177106024563993 0.258679407504945 1.15140380501187
1.33233195301836 0.359756949873897 0.183410535350667 0.359756949873897 0.801822802020278 0.265413016766514 0.183410535350667 0.265413016766514 1.15650004978511
1.34326263958356 0.369191831884081 0.189820422757014 0.369191831884081 0.800120533750712 0.272178002243159 0.189820422757014 0.272178002243159 1.16166949289715
1.35435065235621 0.378683566453162 0.196336736587773 0.378683566453162 0.798553717015556 0.278975459798126 0.196336736587773 0.278975459798126 1.16691281113564
1.36559763452903 0.388233691690811 0.202960543511443 0.388233691690811 0.797121952902212 0.285806489630071 0.202960543511443 0.285806489630071 1.17223069287278
1.37700525422927 0.397843753952718 0.209692927222201 0.397843753952718 0.795824865531545 0.29267219645309 0.209692927222201 0.29267219645309 1.17762383816903
1.3885752047732 0.407515308091461 0.216534988604506 0.407515308091461 0.794662101971755 0.299573689677309 0.216534988604506 0.299573689677309 1.18309295887848
1.40030920492452 0.417249917708559 0.223487845900417 0.417249917708559 0.793633332156201 0.306512083590092 0.223487845900417 0.306512083590092 1.18863877875626
1.41220899915685 0.42704915540774 0.230552634879662 0.42704915540774 0.79273824880513 0.313488497537882 0.230552634879662 0.313488497537882 1.19426203356775
1.42427635792014 0.436914603049451 0.23773050901246 0.436914603049451 0.791976567351298 0.320504056108703 0.23773050901246 0.320504056108703 1.1999634711997
1.43651307791132 0.446847852006682 0.245022639645146 0.446847852006682 0.791348025869484 0.327559889315363 0.245022639645146 0.327559889315363 1.20574385177329
1.44892098234895 0.456850503422108 0.252430216178613 0.456850503422108 0.790852385009859 0.334657132779375 0.252430216178613 0.334657132779375 1.21160394775911
1.46150192125211 0.466924168466629 0.2599544462496 0.466924168466629 0.790489427935215 0.341796927915646 0.2599544462496 0.341796927915646 1.21754454409413
1.47425777172347 0.477070468599313 0.267596555914853 0.477070468599313 0.79025896026202 0.34898042211793 0.267596555914853 0.34898042211793 1.22356643830058
1.48719043823662 0.487291035828818 0.275357789838191 0.487291035828818 0.7901608100053 0.356208768945124 0.275357789838191 0.356208768945124 1.22967044060686
