0.965481693046798 -0.0173333720243726 -0.0467784491489981 -0.0173333720243726 0.983761892605286 0.0195967903125403 -0.0467784491489981 0.0195967903125403 1.05580603873705
0.959543745279634 -0.0205184507946071 -0.0555084228033412 -0.0205184507946071 0.980882013647474 0.0233655491646647 -0.0555084228033412 0.0233655491646647 1.06666260199043
0.953729475625185 -0.0237053187882854 -0.0642849226587805 -0.0237053187882854 0.978034205554392 0.0271884426476721 -0.0642849226587805 0.0271884426476721 1.07771337104763
0.948038466707204 -0.0268945265951887 -0.0731094644282643 -0.0268945265951887 0.975218564778867 0.0310661305014638 -0.0731094644282643 0.0310661305014638 1.08896084141339
0.942470318553453 -0.0300866270772972 -0.0819835771113952 -0.0300866270772972 0.972435191532106 0.0349992839763007 -0.0819835771113952 0.0349992839763007 1.10040754833844
0.937024648600704 -0.0332821754635886 -0.0909088032810881 -0.0332821754635886 0.969684189819568 0.0389885859784994 -0.0909088032810881 0.0389885859784994 1.11205606736374
0.931701091702459 -0.0364817294455628 -0.0998866993734201 -0.0364817294455628 0.966965667477551 0.0430347312184908 -0.0998866993734201 0.0430347312184908 1.123909014873
0.926499300139367 -0.0396858492735064 -0.108918835980739 -0.0396858492735064 0.964279736210464 0.0471384263612798 -0.108918835980739 0.0471384263612798 1.13596904865365
0.92141894363239 -0.0428950978535262 -0.118006798148072 -0.0428950978535262 0.961626511628845 0.0513003901793299 -0.118006798148072 0.0513003901793299 1.14823886846633
0.916459709358709 -0.0461100408453513 -0.127152185672902 -0.0461100408453513 0.959006113288083 0.0555213537079106 -0.127152185672902 0.0555213537079106 1.16072121662307
0.911621301970367 -0.049331246760938 -0.13635661340838 -0.049331246760938 0.956418664727877 0.0598020604029431 -0.13635661340838 0.0598020604029431 1.17341887857419
0.906903443615709 -0.0525592870638913 -0.145621711570008 -0.0525592870638913 0.953864293512457 0.0641432663013721 -0.145621711570008 0.0641432663013721 1.18633468350416
0.902305873963577 -0.0557947362697127 -0.154949126045885 -0.0557947362697127 0.951343131271531 0.0685457401841024 -0.154949126045885 0.0685457401841024 1.19947150493646
0.897828350230325 -0.0590381720469089 -0.16434051871055 -0.0590381720469089 0.948855313742016 0.0730102637415354 -0.16434051871055 0.0730102637415354 1.21283226134763
0.893470647209623 -0.062290175318964 -0.173797567742499 -0.062290175318964 0.946400980810523 0.0775376317417368 -0.173797567742499 0.0775376317417368 1.22641991679055
0.889232557305115 -0.0655513303672088 -0.183321967945438 -0.0655513303672088 0.943980276556644 0.0821286522012788 -0.183321967945438 0.0821286522012788 1.24023748152719
0.885113890565893 -0.0688222249345932 -0.192915431073333 -0.0688222249345932 0.941593349297009 0.0867841465587843 -0.192915431073333 0.0867841465587843 1.25428801267093
0.881114474724849 -0.0721034503303937 -0.202579686159315 -0.0721034503303937 0.939240351630156 0.0915049498512186 -0.202579686159315 0.0915049498512186 1.26857461483849
0.877234155239898 -0.0753956015358636 -0.212316479848526 -0.0753956015358636 0.936921440482208 0.0962919108929613 -0.212316479848526 0.0962919108929613 1.28310044081177
0.873472795338087 -0.0786992773108567 -0.222127576734948 -0.0786992773108567 0.934636777153372 0.101145892457697 -0.222127576734948 0.101145892457697 1.29786869220962
0.869830276062632 -0.0820150803014389 -0.2320147597023 -0.0820150803014389 0.932386527365268 0.106067771463168 -0.2320147597023 0.106067771463168 1.31288262016972
0.866306496322869 -0.085343617148506 -0.241979830269059 -0.085343617148506 0.930170861309107 0.111058439158819 -0.241979830269059 0.111058439158819 1.3281455260407
0.86290137294716 -0.0886854985974355 -0.252024608937689 -0.0886854985974355 0.927989953694707 0.116118801316389 -0.252024608937689 0.116118801316389 1.34366076208471
0.859614840738771 -0.0920413396087878 -0.262150935548127 -0.0920413396087878 0.925843983800389 0.121249778423472 -0.262150935548127 0.121249778423472 1.35943173219048
0.856446852534732 -0.0954117594700774 -0.27236066963562 -0.0954117594700774 0.923733135523742 0.126452305880105 -0.27236066963562 0.126452305880105 1.3754618925971
0.853397379267711 -0.0987973819086409 -0.282655690792966 -0.0987973819086409 0.921657597433266 0.131727334198416 -0.282655690792966 0.131727334198416 1.39175475262865
0.850466410030915 -0.102198835205618 -0.293037899037241 -0.102198835205618 0.919617562820927 0.137075829205374 -0.293037899037241 0.137075829205374 1.40831387543985
0.847653952146041 -0.105616752311066 -0.303509215181086 -0.105616752311066 0.917613229755607 0.142498772248692 -0.303509215181086 0.142498772248692 1.42514287877286
0.844960031234308 -0.109051770960243 -0.314071581208629 -0.109051770960243 0.91564480113749 0.147997160405915 -0.314071581208629 0.147997160405915 1.4422454357254
0.842384691290577 -0.11250453379106 -0.324726960656105 -0.11250453379106 0.913712484753364 0.153572006696746 -0.324726960656105 0.153572006696746 1.45962527553032
0.839927994760595 -0.115975688462749 -0.335477338997277 -0.115975688462749 0.911816493332885 0.159224340298659 -0.335477338997277 0.159224340298659 1.47728618434692
0.837590022621382 -0.119465887775744 -0.346324724033708 -0.119465887775744 0.909957044605787 0.164955206765829 -0.346324724033708 0.164955206765829 1.49523200606397
0.835370874464789 -0.12297578979283 -0.357271146289981 -0.12297578979283 0.908134361360063 0.170765668251445 -0.357271146289981 0.170765668251445 1.5134666431148
0.833270668584242 -0.12650605796155 -0.368318659413941 -0.12650605796155 0.90634867150114 0.176656803733433 -0.368318659413941 0.176656803733433 1.53199405730449
0.831289542064712 -0.130057361237916 -0.379469340582033 -0.130057361237916 0.904600208112032 0.182629709243657 -0.379469340582033 0.182629709243657 1.5508182706494
0.829427650875927 -0.133630374211444 -0.390725290909839 -0.133630374211444 0.902889209514518 0.188685498100638 -0.390725290909839 0.188685498100638 1.56994336622927
0.827685169968856 -0.137225777231527 -0.40208863586787 -0.137225777231527 0.901215919331336 0.194825301145823 -0.40208863586787 0.194825301145823 1.58937348905191
0.82606229337549 -0.140844256535188 -0.413561525702719 -0.140844256535188 0.899580586549414 0.201050266983496 -0.413561525702719 0.201050266983496 1.60911284693081
0.824559234311955 -0.144486504376222 -0.425146135863647 -0.144486504376222 0.897983465584144 0.207361562224335 -0.425146135863647 0.207361562224335 1.62916571137582
0.82317622528498 -0.148153219155762 -0.436844667434699 -0.148153219155762 0.896424816344736 0.2137603717327 -0.436844667434699 0.2137603717327 1.64953641849706
0.821913518201744 -0.151845105554289 -0.448659347572431 -0.151845105554289 0.894904904300633 0.220247898877685 -0.448659347572431 0.220247898877685 1.67022936992222
0.820771384483146 -0.155562874665115 -0.460592429949333 -0.155562874665115 0.893424000549028 0.226825365788002 -0.460592429949333 0.226825365788002 1.69124903372753
0.819750115180516 -0.159307244129368 -0.472646195203059 -0.159307244129368 0.891982381883491 0.233494013610742 -0.472646195203059 0.233494013610742 1.71259994538254
0.818850021095808 -0.163078938272497 -0.484822951391522 -0.163078938272497 0.890580330863706 0.24025510277406 -0.484822951391522 0.24025510277406 1.73428670870893
0.818071432905292 -0.166878688242333 -0.497125034453978 -0.166878688242333 0.889218135886355 0.247109913253863 -0.497125034453978 0.247109913253863 1.75631399685351
0.817414701286799 -0.170707232148726 -0.509554808678179 -0.170707232148726 0.887896091257159 0.254059744844536 -0.509554808678179 0.254059744844536 1.77868655327565
0.816880197050536 -0.174565315204795 -0.522114667173692 -0.174565315204795 0.886614497264072 0.261105917433769 -0.522114667173692 0.261105917433769 1.80140919274942
0.8164683112735 -0.178453689869805 -0.534807032351473 -0.178453689869805 0.885373660251674 0.26824977128155 -0.534807032351473 0.26824977128155 1.82448680238041
0.816179455437556 -0.182373115993714 -0.547634356409809 -0.182373115993714 0.884173892696759 0.275492667303372 -0.547634356409809 0.275492667303372 1.84792434263782
0.816014061571168 -0.186324360963406 -0.560599121826723 -0.186324360963406 0.883015513285131 0.282835987357728 -0.560599121826723 0.282835987357728 1.87172684840161
