1.04138228501449 -0.0449670414854923 -0.0226932331605612 -0.0449670414854923 0.972540863713989 -0.0331372851014892 -0.0226932331605612 -0.0331372851014892 0.991043613811153
1.0494407735059 -0.0532060686902287 -0.0267761448419534 -0.0532060686902287 0.96792425814378 -0.0389769761626577 -0.0267761448419534 -0.0389769761626577 0.989585886151862
1.05764347580147 -0.0614422268387987 -0.03083430403023 -0.0614422268387987 0.963437088858739 -0.0447425375648466 -0.03083430403023 -0.0447425375648466 0.988184579116627
1.06599131457096 -0.0696768801412745 -0.0348683826603803 -0.0696768801412745 0.959078176418518 -0.0504349235391822 -0.0348683826603803 -0.0504349235391822 0.986839023641594
1.07448523334519 -0.0779113889504701 -0.0388790468350474 -0.0779113889504701 0.954846364952714 -0.0560550734666837 -0.0388790468350474 -0.0560550734666837 0.985548560668145
1.08312619661148 -0.0861471099917725 -0.0428669569472798 -0.0861471099917725 0.950740521910021 -0.0616039120685327 -0.0428669569472798 -0.0616039120685327 0.984312541007477
1.09191518991224 -0.0943853965917611 -0.0468327678020284 -0.0943853965917611 0.946759537811828 -0.0670823495934628 -0.0468327678020284 -0.0670823495934628 0.98313032520713
1.10085321994664 -0.102627598905663 -0.0507771287364121 -0.102627598905663 0.942902326010199 -0.0724912820023044 -0.0507771287364121 -0.0724912820023044 0.982001283419449
1.10994131467542 -0.110875064143683 -0.0547006837387792 -0.110875064143683 0.939167822450167 -0.0778315911497269 -0.0547006837387792 -0.0778315911497269 0.980924795271924
1.11918052342887 -0.119129136796246 -0.0586040715665785 -0.119129136796246 0.935554985436339 -0.0831041449632091 -0.0586040715665785 -0.0831041449632091 0.979900249739424
1.12857191701793 -0.12739115885819 -0.0624879258630722 -0.12739115885819 0.932062795403706 -0.088309797619281 -0.0624879258630722 -0.088309797619281 0.978927045018258
1.1381165878485 -0.135662470051956 -0.0663528752729045 -0.135662470051956 0.928690254692654 -0.0934493897170666 -0.0663528752729045 -0.0934493897170666 0.978004588402073
1.14781565003881 -0.143944408049796 -0.0701995435565523 -0.143944408049796 0.925436387328101 -0.0985237484491663 -0.0701995435565523 -0.0985237484491663 0.977132296159536
1.15767023954011 -0.152238308695066 -0.0740285497036791 -0.152238308695066 0.922300238802735 -0.103533687769916 -0.0740285497036791 -0.103533687769916 0.976309593413793
1.16768151426044 -0.160545506222611 -0.0778405080454092 -0.160545506222611 0.919280875864282 -0.108480008561047 -0.0778405080454092 -0.108480008561047 0.975535914023673
1.17785065419167 -0.168867333478302 -0.0816360283655489 -0.168867333478302 0.916377386306784 -0.113363498794798 -0.0816360283655489 -0.113363498794798 0.97481070046662
1.18817886153971 -0.177205122137754 -0.0854157160107722 -0.177205122137754 0.913588878765824 -0.11818493369449 -0.0854157160107722 -0.11818493369449 0.974133403723315
1.19866736085796 -0.185560202924263 -0.089180171999791 -0.185560202924263 0.910914482517659 -0.122945075892619 -0.089180171999791 -0.122945075892619 0.973503483163982
1.20931739918403 -0.193933905826001 -0.0929299931315343 -0.193933905826001 0.908353347282233 -0.12764467558648 -0.0929299931315343 -0.12764467558648 0.972920406436347
1.22013024617965 -0.202327560312501 -0.0966657720923493 -0.202327560312501 0.905904643030003 -0.132284470691371 -0.0966657720923493 -0.132284470691371 0.972383649355229
1.2311071942739 -0.210742495550479 -0.100388097562251 -0.210742495550479 0.903567559792547 -0.136865186991391 -0.100388097562251 -0.136865186991391 0.971892695793727
1.2422495588097 -0.219180040619018 -0.104097554320241 -0.219180040619018 0.901341307476926 -0.14138753828788 -0.104097554320241 -0.14138753828788 0.97144703757602
1.25355867819357 -0.227641524724159 -0.107794723348702 -0.227641524724159 0.899225115683742 -0.145852226545513 -0.107794723348702 -0.145852226545513 0.971046174371703
1.26503591404877 -0.236128277412931 -0.111480181936908 -0.236128277412931 0.897218233528852 -0.150259942036096 -0.111480181936908 -0.150259942036096 0.970689613591686
1.27668265137166 -0.244641628786853 -0.115154503783648 -0.244641628786853 0.895319929468725 -0.154611363480085 -0.115154503783648 -0.154611363480085 0.970376870285612
1.28850029869153 -0.253182909714953 -0.118818259099004 -0.253182909714953 0.89352949112937 -0.158907158185847 -0.118818259099004 -0.158907158185847 0.970107467040777
1.30049028823366 -0.261753452046335 -0.122472014705275 -0.261753452046335 0.891846225138815 -0.163147982186714 -0.122472014705275 -0.163147982186714 0.969880933882522
1.31265407608585 -0.270354588822321 -0.126116334137095 -0.270354588822321 0.890269456963109 -0.167334480375839 -0.126116334137095 -0.167334480375839 0.969696808176108
1.32499314236829 -0.27898765448822 -0.129751777740744 -0.27898765448822 0.888798530745794 -0.171467286638889 -0.129751777740744 -0.171467286638889 0.969554634530015
1.33750899140686 -0.287653985104745 -0.133378902772667 -0.287653985104745 0.887432809150811 -0.1755470239846 -0.133378902772667 -0.1755470239846 0.969453964700669
1.35020315190991 -0.296354918559119 -0.136998263497246 -0.296354918559119 0.886171673208833 -0.179574304673228 -0.136998263497246 -0.179574304673228 0.969394357498577
1.36307717714834 -0.305091794775908 -0.140610411283802 -0.305091794775908 0.885014522166945 -0.183549730342909 -0.140610411283802 -0.183549730342909 0.969375378695836
1.37613264513935 -0.313865955927601 -0.144215894702887 -0.313865955927601 0.883960773341689 -0.187473892133967 -0.144215894702887 -0.187473892133967 0.969396600935025
1.38937115883353 -0.322678746645002 -0.147815259621849 -0.322678746645002 0.883009861975403 -0.191347370811191 -0.147815259621849 -0.191347370811191 0.969457603639423
1.40279434630548 -0.331531514227426 -0.151409049299705 -0.331531514227426 0.882161241095828 -0.195170736884098 -0.151409049299705 -0.195170736884098 0.969557972924575
1.41640386094806 -0.340425608852771 -0.154997804481343 -0.340425608852771 0.881414381378974 -0.198944550725225 -0.154997804481343 -0.198944550725225 0.969697301511158
1.43020138167007 -0.349362383787482 -0.158582063491054 -0.349362383787482 0.880768771015192 -0.202669362686453 -0.158582063491054 -0.202669362686453 0.969875188639143
1.44418861309757 -0.358343195596445 -0.162162362325421 -0.358343195596445 0.880223915578421 -0.206345713213407 -0.162162362325421 -0.206345713213407 0.970091239983241
1.45836728577877 -0.367369404352842 -0.165739234745585 -0.367369404352842 0.879779337898597 -0.209974132957939 -0.165739234745585 -0.209974132957939 0.970345067569595
1.47273915639259 -0.376442373848004 -0.169313212368897 -0.376442373848004 0.879434577937181 -0.213555142888731 -0.169313212368897 -0.213555142888731 0.970636289693728
1.4873060079608 -0.385563471801297 -0.172884824759973 -0.385563471801297 0.879189192665786 -0.217089254400028 -0.172884824759973 -0.217089254400028 0.970964530839705
1.50206965006388 -0.394734070070075 -0.176454599521173 -0.394734070070075 0.879042755947862 -0.220576969418533 -0.176454599521173 -0.220576969418533 0.971329421600517
1.51703191906053 -0.403955544859725 -0.180023062382521 -0.403955544859725 0.87899485842343 -0.22401878050849 -0.180023062382521 -0.22401878050849 0.971730598599644
1.53219467831096 -0.413229276933852 -0.183590737291071 -0.413229276933852 0.879045107396823 -0.227415170974954 -0.183590737291071 -0.227415170974954 0.972167704413811
1.54755981840383 -0.422556651824622 -0.18715814649975 -0.422556651824622 0.879193126727416 -0.230766614965306 -0.18715814649975 -0.230766614965306 0.97264038749689
1.56312925738709 -0.431939060043309 -0.19072581065568 -0.431939060043309 0.879438556723315 -0.234073577568994 -0.19072581065568 -0.234073577568994 0.973148302104967
1.57890494100249 -0.441377897291079 -0.194294248888008 -0.441377897291079 0.879781054037986 -0.237336514915557 -0.194294248888008 -0.237336514915557 0.97369110822252
1.59488884292401 -0.450874564670023 -0.197863978895245 -0.450874564670023 0.880220291569783 -0.240555874270926 -0.197863978895245 -0.240555874270926 0.974268471489727
1.6110829650001 -0.460430468894515 -0.201435517032146 -0.460430468894515 0.880755958364382 -0.243732094132033 -0.201435517032146 -0.243732094132033 0.974880063130874
1.62748933749981 -0.470047022502876 -0.205009378396123 -0.470047022502876 0.881387759520063 -0.246865604319753 -0.205009378396123 -0.246865604319753 0.975525559883845
