0.998316552670436 0.0292107086977216 -0.0620567877964227 0.0292107086977216 0.991135717857261 0.0109973280712376 -0.0620567877964227 0.0109973280712376 1.01554053407234
0.998519453422006 0.0344640407131089 -0.0735043504451696 0.0344640407131089 0.98962379543871 0.0128266962262162 -0.0735043504451696 0.0128266962262162 1.01885086493176
0.998881009705854 0.0396848524467504 -0.084972005223259 0.0396848524467504 0.988147006030283 0.0145977187340215 -0.084972005223259 0.0145977187340215 1.02230372713995
0.999401167711974 0.0448740202944573 -0.0964616774104133 0.0448740202944573 0.986704986854176 0.0163106927582441 -0.0964616774104133 0.0163106927582441 1.02589958582014
1.00007990033296 0.0500324147159801 -0.107975294680854 0.0500324147159801 0.985297381165454 0.017965905470497 -0.107975294680854 0.017965905470497 1.02963892981137
1.00091720714118 0.0551609003854329 -0.119514787425823 0.0551609003854329 0.983923838187901 0.0195636341055115 -0.119514787425823 0.0195636341055115 1.03352227173451
1.00191311437052 0.060260336340633 -0.131082089076344 0.060260336340633 0.98258401305091 0.0211041460145273 -0.131082089076344 0.0211041460145273 1.03755014806219
1.00306767490254 0.0653315761313935 -0.142679136426271 0.0653315761313935 0.981277566727422 0.0225876987169797 -0.142679136426271 0.0225876987169797 1.04172311919272
1.00438096825718 0.070375467966794 -0.154307869955682 0.070375467966794 0.980004165972872 0.0240145399505025 -0.154307869955682 0.0240145399505025 1.04604176952798
1.00585310058792 0.0753928548614488 -0.165970234154676 0.0753928548614488 0.978763483265167 0.0253849077192489 -0.165970234154676 0.0253849077192489 1.05050670755526
1.00748420468144 0.0803845747808041 -0.177668177847613 0.0803845747808041 0.977555196745658 0.0266990303405446 -0.177668177847613 0.0266990303405446 1.05511856593316
1.00927443996177 0.085351460785487 -0.189403654517876 0.085351460785487 0.9763789901611 0.0279571264898788 -0.189403654517876 0.0279571264898788 1.05987800158141
1.01122399249887 0.0902943411747293 -0.201178622633181 0.0902943411747293 0.975234552806604 0.0291594052442417 -0.201178622633181 0.0291594052442417 1.0647856957748
1.01333307502174 0.0952140396288933 -0.212995045971508 0.0952140396288933 0.974121579469562 0.0303060661238241 -0.212995045971508 0.0303060661238241 1.06984235424106
1.01560192693594 0.100111375351126 -0.224854893947709 0.100111375351126 0.973039770374519 0.0313972991320743 -0.224854893947709 0.0313972991320743 1.07504870726283
1.01803081434568 0.10498716320816 -0.236760141940829 0.10498716320816 0.971988831129016 0.0324332847941304 -0.236760141940829 0.0324332847941304 1.08040550978372
1.02062003008027 0.109842213870292 -0.248712771622214 0.109842213870292 0.970968472670356 0.0334141941936356 -0.248712771622214 0.0334141941936356 1.08591354151833
1.02336989372515 0.114677333950555 -0.260714771284448 0.114677333950555 0.969978411213325 0.0343401890079338 -0.260714771284448 0.0343401890079338 1.09157360706651
1.02628075165731 0.119493326143122 -0.27276813617119 0.119493326143122 0.969018368198813 0.0352114215416665 -0.27276813617119 0.0352114215416665 1.09738653603159
1.02935297708526 0.124290989360948 -0.284874868807935 0.124290989360948 0.968088070243361 0.0360280347587646 -0.284874868807935 0.0360280347587646 1.10335318314286
1.03258697009344 0.129071118872684 -0.297036979333793 0.129071118872684 0.96718724908962 0.0367901623128533 -0.297036979333793 0.0367901623128533 1.10947442838205
1.03598315769114 0.13383450643889 -0.309256485834311 0.13383450643889 0.966315641557686 0.0374979285760653 -0.309256485834311 0.0374979285760653 1.11575117711411
1.03954199386591 0.138581940447555 -0.321535414675405 0.138581940447555 0.965472989497338 0.0381514486662767 -0.321535414675405 0.0381514486662767 1.1221843602221
1.04326395964149 0.143314206048969 -0.333875800838459 0.143314206048969 0.964659039741152 0.0387508284727689 -0.333875800838459 0.0387508284727689 1.12877493424625
1.04714956314017 0.148032085289948 -0.346279688256644 0.148032085289948 0.963873544058477 0.0392961646803174 -0.346279688256644 0.0392961646803174 1.13552388152729
1.0511993396498 0.152736357247452 -0.358749130152506 0.152736357247452 0.963116259110282 0.0397875447917196 -0.358749130152506 0.0397875447917196 1.14243221035402
1.05541385169516 0.157427798161608 -0.371286189376897 0.157427798161608 0.96238694640485 0.0402250471487622 -0.371286189376897 0.0402250471487622 1.14950095511511
1.05979368911402 0.162107181568173 -0.383892938749282 0.162107181568173 0.961685372254323 0.0406087409516333 -0.383892938749282 0.0406087409516333 1.15673117645523
1.0643394691376 0.166775278430438 -0.396571461399498 0.166775278430438 0.961011307732075 0.0409386862767845 -0.396571461399498 0.0409386862767845 1.16412396143542
1.06905183647569 0.171432857270623 -0.409323851111009 0.171432857270623 0.960364528630928 0.0412149340932466 -0.409323851111009 0.0412149340932466 1.17168042369785
1.07393146340628 0.176080684300766 -0.422152212665721 0.176080684300766 0.959744815422177 0.0414375262774023 -0.422152212665721 0.0414375262774023 1.17940170363496
1.07897904986976 0.180719523553132 -0.435058662190405 0.180719523553132 0.959151953215442 0.0416064956262201 -0.435058662190405 0.0416064956262201 1.18728896856287
1.08419532356774 0.185350137010167 -0.448045327504798 0.185350137010167 0.958585731719313 0.041721865868952 -0.448045327504798 0.041721865868952 1.19534341289934
1.08958104006644 0.189973284734027 -0.461114348471433 0.189973284734027 0.95804594520281 0.0417836516772985 -0.461114348471433 0.0417836516772985 1.20356625834606
1.0951369829047 0.194589724995681 -0.474267877347246 0.194589724995681 0.957532392457626 0.0417918586740448 -0.474267877347246 0.0417918586740448 1.21195875407546
1.10086396370665 0.199200214403636 -0.487508079137035 0.199200214403636 0.957044876761162 0.0417464834401673 -0.487508079137035 0.0417464834401673 1.220522176922
1.10676282229897 0.203805508032292 -0.500837131948822 0.203805508032292 0.956583205840337 0.0416475135204157 -0.500837131948822 0.0416475135204157 1.22925783157793
1.11283442683289 0.208406359549947 -0.514257227351169 0.208406359549947 0.956147191836172 0.0414949274273718 -0.514257227351169 0.0414949274273718 1.2381670507937
1.11907967391078 0.213003521346485 -0.527770570732518 0.213003521346485 0.955736651269149 0.0412886946439889 -0.527770570732518 0.0412886946439889 1.24725119558288
1.12549948871751 0.217597744660751 -0.541379381662613 0.217597744660751 0.955351405005311 0.0410287756246053 -0.541379381662613 0.0410287756246053 1.2565116554317
1.13209482515648 0.222189779707664 -0.555085894256045 0.222189779707664 0.954991278223139 0.0407151217944456 -0.555085894256045 0.0407151217944456 1.26594984851325
1.13886666599042 0.226780375805048 -0.56889235753802 0.226780375805048 0.954656100381154 0.0403476755475996 -0.56889235753802 0.0403476755475996 1.27556722190634
1.14581602298694 0.231370281500243 -0.582801035812355 0.231370281500243 0.954345705186287 0.0399263702434852 -0.582801035812355 0.0399263702434852 1.28536525181911
1.15294393706883 0.235960244696495 -0.596814209031814 0.235960244696495 0.95405993056295 0.0394511302017935 -0.596814209031814 0.0394511302017935 1.29534544381733
1.16025147846918 0.240551012779145 -0.610934173170816 0.240551012779145 0.953798618622877 0.0389218706959213 -0.610934173170816 0.0389218706959213 1.30550933305753
1.16773974689135 0.245143332741654 -0.625163240600575 0.245143332741654 0.95356161563566 0.0383384979448805 -0.625163240600575 0.0383384979448805 1.31585848452493
1.17540987167373 0.249737951311472 -0.639503740466753 0.249737951311472 0.953348772000012 0.0377009091036944 -0.639503740466753 0.0377009091036944 1.32639449327618
1.1832630119594 0.254335615075774 -0.653958019069669 0.254335615075774 0.953159942215756 0.0370089922522782 -0.653958019069669 0.0370089922522782 1.33711898468708
1.19130035687071 0.258937070607089 -0.668528440247129 0.258937070607089 0.952994984856503 0.0362626263827942 -0.668528440247129 0.0362626263827942 1.34803361470516
1.19952312568876 0.263543064588844 -0.683217385759959 0.263543064588844 0.952853762543049 0.0354616813854959 -0.683217385759959 0.0354616813854959 1.35914007010723
