1.00307138813537 0.0330069983895083 0.0409063334857497 0.0330069983895083 1.04004429160286 -0.0239206123455414 0.0409063334857497 -0.0239206123455414 0.961838165287496
1.00393905736931 0.0391130237867585 0.0481721316379543 0.0391130237867585 1.04775109698428 -0.0281689571468035 0.0481721316379543 -0.0281689571468035 0.955239337164237
1.00489976039746 0.0452350597663692 0.0553641079810837 0.0452350597663692 1.05556869983622 -0.0323739958189808 0.0553641079810837 -0.0323739958189808 0.948763648756035
1.00595305906068 0.0513741138041402 0.0624834447375639 0.0513741138041402 1.06349779040614 -0.036536419587401 0.0624834447375639 -0.036536419587401 0.942409438841158
1.00709853021728 0.0575311925830717 0.0695313076008051 0.0575311925830717 1.07153907304257 -0.0406569099889407 0.0695313076008051 -0.0406569099889407 0.936175070522508
1.00833576561643 0.0637073021527071 0.0765088459748943 0.0637073021527071 1.0796932662471 -0.0447361390122517 0.0765088459748943 -0.0447361390122517 0.930058930879409
1.00966437177442 0.0699034480877599 0.0834171932108455 0.0699034480877599 1.08796110272836 -0.0487747692359705 0.0834171932108455 -0.0487747692359705 0.924059430624399
1.01108396985348 0.0761206356460671 0.0902574668394614 0.0761206356460671 1.09634332945788 -0.0527734539649416 0.0902574668394614 -0.0527734539649416 0.918175003764974
1.01259419554341 0.0823598699258797 0.0970307688008537 0.0823598699258797 1.10484070772797 -0.056732837364485 0.0970307688008537 -0.056732837364485 0.912404107270201
1.01419469894592 0.0886221560225351 0.10373818567067 0.0886221560225351 1.11345401321157 -0.0606535545927322 0.10373818567067 -0.0606535545927322 0.906745220742128
1.01588514446146 0.0949084991845225 0.110380788883076 0.0949084991845225 1.12218403602402 -0.0645362319310618 0.110380788883076 -0.0645362319310618 0.901196846091937
1.01766521067885 0.101219904968974 0.116959634950536 0.101219904968974 1.13103158078684 -0.0683814869126606 0.116959634950536 -0.0683814869126606 0.895757507220757
1.01953459026737 0.107557379396609 0.123475765680445 0.107557379396609 1.13999746669349 -0.0721899284492378 0.123475765680445 -0.0721899284492378 0.890425749705069
1.02149298987145 0.113921929106153 0.129930208388654 0.113921929106153 1.14908252757704 -0.0759621569559179 0.129930208388654 -0.0759621569559179 0.885200140486656
1.02354013000793 0.120314561508263 0.13632397610992 0.120314561508263 1.1582876119799 -0.0796987644743385 0.13632397610992 -0.0796987644743385 0.880079267567005
1.02567574496578 0.126736284938978 0.142658067805359 0.126736284938978 1.16761358322542 -0.0834003347939822 0.142658067805359 -0.0834003347939822 0.875061739706127
1.02789958270835 0.133188108812724 0.148933468566903 0.133188108812724 1.17706131949164 -0.0870674435717601 0.148933468566903 -0.0870674435717601 0.870146186125701
1.03021140477805 0.1396710437749 0.155151149818839 0.1396710437749 1.18663171388679 -0.0907006584498824 0.155151149818839 -0.0907006584498824 0.865331256216506
1.03261098620346 0.146186101854065 0.16131206951645 0.146186101854065 1.19632567452705 -0.0943005391720327 0.16131206951645 -0.0943005391720327 0.860615619250059
1.03509811540892 0.152734296613755 0.167417172341812 0.152734296613755 1.20614412461604 -0.0978676376978727 0.167417172341812 -0.0978676376978727 0.855997964094421
1.03767259412641 0.159316643303961 0.173467389896779 0.159316643303961 1.21608800252652 -0.101402498315903 0.173467389896779 -0.101402498315903 0.851476998934081
1.04033423730989 0.165934159012268 0.179463640893207 0.165934159012268 1.22615826188397 -0.104905657754702 0.179463640893207 -0.104905657754702 0.847051450993891
1.0430828730519 0.172587862814713 0.185406831340448 0.172587862814713 1.23635587165221 -0.108377645292566 0.185406831340448 -0.108377645292566 0.842720066266968
1.04591834250257 0.179278775926368 0.191297854730149 0.179278775926368 1.24668181622104 -0.111818982865576 0.191297854730149 -0.111818982865576 0.838481609246526
1.04884049979087 0.186007921851664 0.19713759221842 0.186007921851664 1.25713709549589 -0.115230185174109 0.19713759221842 -0.115230185174109 0.834334862661564
1.05184921194816 0.192776326534499 0.202926912805367 0.192776326534499 1.26772272498953 -0.11861175978782 0.202926912805367 -0.11861175978782 0.830278627216368
1.05494435883398 0.199585018508145 0.208666673512074 0.199585018508145 1.27843973591572 -0.121964207249118 0.208666673512074 -0.121964207249118 0.826311721333769
1.05812583306413 0.206435029044972 0.214357719555033 0.206435029044972 1.289289175285 -0.125288021175153 0.214357719555033 -0.125288021175153 0.822432980902094
1.06139353994091 0.213327392306029 0.220000884518083 0.213327392306029 1.30027210600246 -0.128583688358338 0.220000884518083 -0.128583688358338 0.818641259025771
1.06474739738562 0.22026314549048 0.225596990521881 0.22026314549048 1.31138960696762 -0.131851688865427 0.225596990521881 -0.131851688865427 0.814935425779527
1.06818733587315 0.227243328984949 0.231146848390945 0.227243328984949 1.32264277317624 -0.135092496135172 0.231146848390945 -0.135092496135172 0.811314367966122
1.07171329836887 0.234268986512774 0.236651257818304 0.234268986512774 1.33403271582439 -0.138306577074572 0.236651257818304 -0.138306577074572 0.807776988877586
1.07532524026753 0.241341165283199 0.242111007527795 0.241341165283199 1.34556056241439 -0.141494392153744 0.242111007527795 -0.141494392153744 0.804322208059891
1.07902312933435 0.248460916140535 0.247526875434019 0.248460916140535 1.35722745686301 -0.144656395499429 0.247526875434019 -0.144656395499429 0.800948961081014
1.08280694564825 0.255629293713306 0.252899628800028 0.255629293713306 1.36903455961164 -0.147793034987156 0.252899628800028 -0.147793034987156 0.79765619930235
1.08667668154708 0.262847356563401 0.258230024392733 0.262847356563401 1.38098304773857 -0.15090475233208 0.258230024392733 -0.15090475233208 0.794442889653415
1.09063234157504 0.270116167335262 0.263518808636099 0.270116167335262 1.39307411507347 -0.153991983178515 0.263518808636099 -0.153991983178515 0.791308014409794
1.09467394243204 0.277436792905121 0.268766717762143 0.277436792905121 1.40530897231388 -0.157055157188187 0.268766717762143 -0.157055157188187 0.788250570974305
1.09880151292525 0.284810304530324 0.273974477959764 0.284810304530324 1.41768884714388 -0.160094698127207 0.273974477959764 -0.160094698127207 0.785269571661296
1.10301509392249 0.292237777998747 0.279142805521455 0.292237777998747 1.43021498435488 -0.163111023951807 0.279142805521455 -0.163111023951807 0.782364043484076
1.10731473830783 0.299720293778338 0.284272406987896 0.299720293778338 1.44288864596858 -0.16610454689284 0.284272406987896 -0.16610454689284 0.779533027945388
1.11170051093906 0.307258937166804 0.289363979290497 0.307258937166804 1.45571111136205 -0.16907567353906 0.289363979290497 -0.16907567353906 0.776775580830924
1.11617248860716 0.314854798441462 0.294418209891887 0.314854798441462 1.46868367739504 -0.172024804919216 0.294418209891887 -0.172024804919216 0.774090772005804
1.12073075999781 0.322508973009292 0.299435776924396 0.322508973009292 1.48180765853936 -0.174952336582961 0.299435776924396 -0.174952336582961 0.771477685213996
1.12537542565477 0.330222561557182 0.304417349326557 0.330222561557182 1.49508438701058 -0.177858658680599 0.304417349326557 -0.177858658680599 0.768935417880624
1.13010659794525 0.337996670202426 0.309363586977652 0.337996670202426 1.50851521290185 -0.180744156041686 0.309363586977652 -0.180744156041686 0.766463080917136
1.13492440102725 0.345832410643471 0.314275140830335 0.345832410643471 1.52210150431997 -0.183609208252506 0.314275140830335 -0.183609208252506 0.76405979852927
1.13982897081869 0.353730900310943 0.319152653041357 0.353730900310943 1.53584464752362 -0.18645418973243 0.319152653041357 -0.18645418973243 0.761724708027803
1.14482045496859 0.361693262518972 0.323996757100416 0.361693262518972 1.54974604706394 -0.189279469809176 0.323996757100416 -0.189279469809176 0.759456959642019
1.14989901283008 0.369720626616844 0.328808077957177 0.369720626616844 1.5638071259273 -0.192085412792998 0.328808077957177 -0.192085412792998 0.757255716335873
