0.967592931280057 0.0135873954138619 0.0200682023512328 0.0135873954138619 0.972566513054527 -0.0393603757635204 0.0200682023512328 -0.0393603757635204 1.06488538746741
0.961820840824942 0.0159068745287661 0.0237638857732689 0.0159068745287661 0.967799398402006 -0.0467144162585495 0.0237638857732689 -0.0467144162585495 1.07746017220988
0.956103517586282 0.0181726938282752 0.0274641442520598 0.0181726938282752 0.963115848528801 -0.0541102263795645 0.0274641442520598 -0.0541102263795645 1.0902454296663
0.950440504977379 0.0203852445390241 0.0311696155189644 0.0203852445390241 0.958515584666959 -0.0615490803633612 0.0311696155189644 -0.0615490803633612 1.10324389044038
0.944831352559512 0.0225449100879632 0.0348809401455156 0.0225449100879632 0.953998339639242 -0.0690322636353489 0.0348809401455156 -0.0690322636353489 1.11645832792635
0.939275615994589 0.0246520661389281 0.0385987616544055 0.0246520661389281 0.949563857858091 -0.0765610730495157 0.0385987616544055 -0.0765610730495157 1.12989155889046
0.933772856998604 0.0267070806280996 0.0423237266313038 0.0267070806280996 0.945211895326408 -0.084136817131 0.0423237266313038 -0.084136817131 1.14354644406118
0.92832264329588 0.0287103137983632 0.0460564848375393 0.0287103137983632 0.940942219640159 -0.0917608163213256 0.0460564848375393 -0.0917608163213256 1.15742588872842
0.922924548574086 0.0306621182325535 0.0497976893236557 0.0306621182325535 0.936754609992812 -0.0994344032263392 0.0497976893236557 -0.0994344032263392 1.1715328433517
0.917578152440039 0.0325628388856062 0.0535479965438709 0.0325628388856062 0.932648857181606 -0.107158922866904 0.0535479965438709 -0.107158922866904 1.18587030417759
0.912283040376286 0.034412813115599 0.0573080664714555 0.034412813115599 0.928624763615666 -0.114935732932398 0.0573080664714555 -0.114935732932398 1.20044131386637
0.907038803698442 0.036212370713696 0.0610785627150524 0.036212370713696 0.924682143325969 -0.122766204037059 0.0610785627150524 -0.122766204037059 1.21524896212812
0.901845039513308 0.0379618339329945 0.0648601526359628 0.0379618339329945 0.920820821977165 -0.13065171997924 0.0648601526359628 -0.13065171997924 1.23029638636843
0.896701350677739 0.0396615175162674 0.0686535074664154 0.0396615175162674 0.917040636881274 -0.138593678003614 0.0686535074664154 -0.138593678003614 1.24558677234378
0.891607345758281 0.0413117287226114 0.0724593024288435 0.0413117287226114 0.913341437013244 -0.146593489066379 0.0724593024288435 -0.146593489066379 1.26112335482667
0.886562638991555 0.042912767352997 0.0762782168561925 0.042912767352997 0.909723083028414 -0.15465257810353 0.0762782168561925 -0.15465257810353 1.27690941828087
0.881566850245395 0.0444649257747187 0.0801109343132779 0.0444649257747187 0.906185447281844 -0.162772384302228 0.0801109343132779 -0.162772384302228 1.29294829754663
0.876619604980728 0.0459684889447523 0.0839581427192203 0.0459684889447523 0.902728413849576 -0.170954361375343 0.0839581427192203 -0.170954361375343 1.30924337853623
0.871720534214208 0.0474237344320105 0.0878205344709751 0.0474237344320105 0.899351878551782 -0.179199977839203 0.0878205344709751 -0.179199977839203 1.32579809893992
0.866869274481577 0.048830932438506 0.0916988065679856 0.048830932438506 0.896055748977854 -0.187510717294618 0.0916988065679856 -0.187510717294618 1.34261594894234
0.862065467801777 0.0501903458194115 0.0955936607379786 0.0501903458194115 0.892839944513418 -0.195888078711233 0.0955936607379786 -0.195888078711233 1.35970047194968
0.857308761641783 0.0515022301020265 0.0995058035639294 0.0515022301020265 0.889704396369294 -0.20433357671526 0.0995058035639294 -0.20433357671526 1.37705526532771
0.852598808882175 0.0527668335036425 0.103435946612217 0.0527668335036425 0.886649047612407 -0.212848741880645 0.103435946612217 -0.212848741880645 1.39468398115069
0.847935267783434 0.0539843969483094 0.107384806561998 0.0539843969483094 0.883673853198674 -0.221435121023743 0.107384806561998 -0.221435121023743 1.41259032696157
0.843317801952969 0.0551551540825016 0.111353105335816 0.0551551540825016 0.88077878000786 -0.230094277501535 0.111353105335816 -0.230094277501535 1.43077806654337
0.838746080312857 0.0562793312896801 0.115341570231484 0.0562793312896801 0.877963806880431 -0.238827791513465 0.115341570231484 -0.238827791513465 1.4492510207021
0.834219777068312 0.0573571477037538 0.11935093405525 0.0573571477037538 0.875228924656407 -0.247637260406951 0.11935093405525 -0.247637260406951 1.46801306806132
0.829738571676862 0.0583888152214353 0.123381935256283 0.0583888152214353 0.872574136216232 -0.256524298986626 0.123381935256283 -0.256524298986626 1.4870681458684
0.825302148818252 0.0593745385134884 0.127435318062497 0.0593745385134884 0.869999456523671 -0.265490539827378 0.127435318062497 -0.265490539827378 1.50642025081283
0.820910198365047 0.0603145150348695 0.131511832617746 0.0603145150348695 0.867504912670755 -0.274537633591247 0.131511832617746 -0.274537633591247 1.52607343985661
0.816562415353958 0.0612089350337555 0.13561223512041 0.0612089350337555 0.86509054392478 -0.283667249348237 0.13561223512041 -0.283667249348237 1.54603183107698
0.812258499957865 0.0620579815594615 0.139737287963403 0.0620579815594615 0.862756401777375 -0.29288107490112 0.139737287963403 -0.29288107490112 1.56629960452157
0.807998157458557 0.062861830469241 0.143887759875625 0.062861830469241 0.860502549995662 -0.302180817114284 0.143887759875625 -0.302180817114284 1.58688100307622
0.803781098220161 0.0636206504339693 0.148064426064889 0.0636206504339693 0.85832906467551 -0.311568202246696 0.148064426064889 -0.311568202246696 1.60778033334568
0.799607037663294 0.0643346029427041 0.152268068362357 0.0643346029427041 0.85623603429691 -0.321044976289046 0.152268068362357 -0.321044976289046 1.62900196654723
0.795475696239898 0.0650038423061247 0.156499475368491 0.0650038423061247 0.854223559781487 -0.330612905305135 0.156499475368491 -0.330612905305135 1.65055033941757
0.791386799408784 0.0656285156588413 0.160759442600574 0.0656285156588413 0.852291754552148 -0.340273775777589 0.160759442600574 -0.340273775777589 1.67242995513307
0.787340077611872 0.0662087629605767 0.165048772641816 0.0662087629605767 0.850440744594908 -0.350029394957946 0.165048772641816 -0.350029394957946 1.6946453842436
0.783335266251124 0.066744716996209 0.169368275292066 0.066744716996209 0.848670668522894 -0.359881591221203 0.169368275292066 -0.359881591221203 1.71720126562009
0.779372105666177 0.0672365033746809 0.173718767720178 0.0672365033746809 0.846981677642543 -0.369832214424893 0.173718767720178 -0.369832214424893 1.74010230741615
0.775450341112668 0.0676842405267671 0.178101074618046 0.0676842405267671 0.845373936022034 -0.37988313627275 0.178101074618046 -0.37988313627275 1.76335328804368
0.771569722741251 0.0680880397016888 0.182516028356348 0.0680880397016888 0.843847620561936 -0.390036250683057 0.182516028356348 -0.390036250683057 1.78695905716308
0.76773000557731 0.0684480049625871 0.186964469142011 0.0684480049625871 0.842402921068126 -0.400293474161723 0.186964469142011 -0.400293474161723 1.81092453668777
0.763930949501356 0.0687642331808334 0.191447245177459 0.0687642331808334 0.841040040326975 -0.410656746180195 0.191447245177459 -0.410656746180195 1.83525472180372
0.760172319230124 0.0690368140291853 0.195965212821642 0.0690368140291853 0.839759194182827 -0.421128029558249 0.195965212821642 -0.421128029558249 1.85995468200378
0.756453884298349 0.0692658299737741 0.200519236752898 0.0692658299737741 0.838560611617793 -0.431709310851771 0.200519236752898 -0.431709310851771 1.88502956213731
0.752775419041245 0.0694513562649231 0.205110190133677 0.0694513562649231 0.837444534833881 -0.442402600745567 0.205110190133677 -0.442402600745567 1.91048458347524
0.749136702577657 0.0695934609267924 0.209738954777147 0.0695934609267924 0.836411219337476 -0.453209934451319 0.209738954777147 -0.453209934451319 1.93632504479066
0.745537518793918 0.0696922047458399 0.214406421315737 0.0696922047458399 0.835460934026198 -0.464133372110738 0.214406421315737 -0.464133372110738 1.9625563234554
0.741977656328379 0.0697476412580972 0.219113489371623 0.0697476412580972 0.834593961278159 -0.475174999204015 0.219113489371623 -0.475174999204015 1.98918387655258
