1.00558386901748 -0.024587218443633 0.0384502484538066 -0.024587218443633 1.0491900534208 -0.0209363603202058 0.0384502484538066 -0.0209363603202058 0.95021857900892
1.00683886750921 -0.0293333498627816 0.0453781979334545 -0.0293333498627816 1.05859439910653 -0.0248800786293917 0.0453781979334545 -0.0248800786293917 0.941560344336683
1.0081652521485 -0.0341528419876491 0.0522673641657941 -0.0341528419876491 1.06811697317496 -0.0288559236530539 0.0522673641657941 -0.0288559236530539 0.933048742279126
1.00956312707928 -0.0390465040122332 0.0591189034343645 -0.0390465040122332 1.07775925569038 -0.0328645628557237 0.0591189034343645 -0.0328645628557237 0.924682225820696
1.01103260834292 -0.0440151570651744 0.0659339648601782 -0.0440151570651744 1.0875227457723 -0.0369066687598309 0.0659339648601782 -0.0369066687598309 0.916459273420921
1.01257382388933 -0.0490596343394143 0.0727136905999591 -0.0490596343394143 1.097408961834 -0.040982919055216 0.0727136905999591 -0.040982919055216 0.908378388740624
1.01418691359002 -0.0541807812237902 0.0794592160430616 -0.0541807812237902 1.10741944182421 -0.0450939967094307 0.0794592160430616 -0.0450939967094307 0.900438100372562
1.01587202925314 -0.0593794554365826 0.0861716700071197 -0.0593794554365826 1.11755574347186 -0.049240590078848 0.0861716700071197 -0.049240590078848 0.892636961576452
1.01762933464062 -0.0646565271610476 0.0928521749324518 -0.0646565271610476 1.12781944453398 -0.0534233930206016 0.0928521749324518 -0.0534233930206016 0.884973550018329
1.01945900548715 -0.0700128791829477 0.0995018470752537 -0.0700128791829477 1.13821214304685 -0.057643105005369 0.0995018470752537 -0.057643105005369 0.877446467514187
1.02136122952131 -0.0754494070301037 0.106121796699618 -0.0754494070301037 1.14873545758032 -0.0619004312310221 0.106121796699618 -0.0619004312310221 0.870054339777869
1.0233362064886 -0.0809670191139854 0.112713128268409 -0.0809670191139854 1.15939102749543 -0.0661960827371564 0.112713128268409 -0.0661960827371564 0.862795816173145
1.02538414817653 -0.0865666368733808 0.119276940633031 -0.0865666368733808 1.17018051320532 -0.0705307765205241 0.119276940633031 -0.0705307765205241 0.855669569469948
1.02750527844167 -0.09224919492014 0.125814327222112 -0.09224919492014 1.18110559643954 -0.0749052356513867 0.125814327222112 -0.0749052356513867 0.84867429560471
1.02969983323877 -0.0980156411870419 0.132326376229152 -0.0980156411870419 1.19216798051174 -0.079320189390807 0.132326376229152 -0.079320189390807 0.841808713444768
1.03196806065181 -0.103866937077791 0.138814170799152 -0.103866937077791 1.20336939059074 -0.0837763733088987 0.138814170799152 -0.0837763733088987 0.835071564556789
1.03431022092718 -0.109804057619172 0.145278789214264 -0.109804057619172 1.2147115739752 -0.0882745294040534 0.145278789214264 -0.0882745294040534 0.828461612979173
1.03672658650877 -0.115827991615394 0.151721305078492 -0.115827991615394 1.22619630037171 -0.0928154062231634 0.151721305078492 -0.0928154062231634 0.8219776449984
1.03921744207517 -0.121939741804633 0.158142787501481 -0.121939741804633 1.23782536217649 -0.0973997589828641 0.158142787501481 -0.0973997589828641 0.815618468929265
1.04178308457881 -0.128140325017814 0.164544301281413 -0.128140325017814 1.24960057476073 -0.102028349691806 0.164544301281413 -0.102028349691806 0.809382914898985
1.04442382328726 -0.13443077233965 0.170926907087055 -0.13443077233965 1.26152377675958 -0.106701947273987 0.170926907087055 -0.106701947273987 0.803269834635117
1.04713997982645 -0.140812129271951 0.177291661638981 -0.140812129271951 1.27359683036479 -0.111421327693164 0.177291661638981 -0.111421327693164 0.797278101257255
1.04993188822601 -0.14728545589927 0.183639617890004 -0.14728545589927 1.28582162162119 -0.116187274078348 0.183639617890004 -0.116187274078348 0.791406609072479
1.05279989496666 -0.153851827056848 0.189971825204846 -0.153851827056848 1.29820006072693 -0.121000576850426 0.189971825204846 -0.121000576850426 0.785654273374503
1.05574435902958 -0.160512332500954 0.196289329539083 -0.160512332500954 1.31073408233755 -0.125862033849922 0.196289329539083 -0.125862033849922 0.780020030246499
1.05876565194801 -0.167268077081584 0.20259317361738 -0.167268077081584 1.32342564587399 -0.1307724504659 0.20259317361738 -0.1307724504659 0.774502836367549
1.06186415786071 -0.174120180917601 0.208884397111065 -0.174120180917601 1.33627673583451 -0.13573263976606 0.208884397111065 -0.13573263976606 0.769101668822697
1.0650402735677 -0.181069779574303 0.215164036815068 -0.181069779574303 1.34928936211064 -0.14074342262803 0.215164036815068 -0.14074342262803 0.763815524916578
1.06829440858797 -0.188118024243463 0.221433126824239 -0.188118024243463 1.36246556030712 -0.145805627871872 0.221433126824239 -0.145805627871872 0.758643421990558
1.07162698521933 -0.195266081925882 0.2276926987091 -0.195266081925882 1.37580739206603 -0.150920092393837 0.2276926987091 -0.150920092393837 0.753584397243386
1.07503843860034 -0.202515135616455 0.233943781691042 -0.202515135616455 1.38931694539495 -0.15608766130138 0.233943781691042 -0.15608766130138 0.748637507555306
1.0785292167744 -0.209866384491805 0.240187402817004 -0.209866384491805 1.40299633499945 -0.161309188049461 0.240187402817004 -0.161309188049461 0.743801829315606
1.08209978075593 -0.217321044100505 0.246424587133664 -0.217321044100505 1.41684770261969 -0.166585534578156 0.246424587133664 -0.166585534578156 0.739076458253561
1.08575060459865 -0.224880346555911 0.252656357861173 -0.224880346555911 1.4308732173715 -0.171917571451588 0.252656357861173 -0.171917571451588 0.734460509272751
1.08948217546613 -0.232545540731657 0.258883736566457 -0.232545540731657 1.44507507609164 -0.177306177998222 0.258883736566457 -0.177306177998222 0.729953116288726
1.09329499370433 -0.240317892459816 0.265107743336115 -0.240317892459816 1.45945550368763 -0.182752242452531 0.265107743336115 -0.182752242452531 0.725553432069969
1.09718957291643 -0.248198684731779 0.271329396948957 -0.248198684731779 1.47401675349194 -0.188256662098051 0.271329396948957 -0.188256662098051 0.721260628082151
1.10116644003975 -0.256189217901876 0.277549715048187 -0.256189217901876 1.48876110762079 -0.193820343411867 0.277549715048187 -0.193820343411867 0.717073894335635
1.10522613542497 -0.26429080989378 0.283769714313284 -0.26429080989378 1.5036908773375 -0.19944420221054 0.283769714313284 -0.19944420221054 0.712992439236207
1.10936921291739 -0.272504796409703 0.289990410631593 -0.272504796409703 1.51880840342044 -0.205129163797496 0.289990410631593 -0.205129163797496 0.709015489439002
1.11359623994057 -0.280832531142448 0.29621281926967 -0.280832531142448 1.53411605653581 -0.210876163111915 0.29621281926967 -0.210876163111915 0.705142289705609
1.11790779758203 -0.289275385990332 0.302437955044388 -0.289275385990332 1.54961623761503 -0.216686144879124 0.302437955044388 -0.216686144879124 0.70137210276431
1.12230448068134 -0.297834751275009 0.308666832493862 -0.297834751275009 1.56531137823705 -0.222560063762539 0.308666832493862 -0.222560063762539 0.697704209173444
1.12678689792038 -0.306512035962258 0.314900466048196 -0.306512035962258 1.58120394101553 -0.228498884517167 0.314900466048196 -0.228498884517167 0.694137907187871
1.13135567191582 -0.315308667885722 0.321139870200096 -0.315308667885722 1.59729641999091 -0.234503582144695 0.321139870200096 -0.234503582144695 0.690672512628491
1.136011439314 -0.324226093973688 0.327386059675373 -0.324226093973688 1.61359134102759 -0.240575142050192 0.327386059675373 -0.240575142050192 0.687307358754824
1.14075485088797 -0.333265780478898 0.33364004960336 -0.333265780478898 1.63009126221606 -0.246714560200453 0.33364004960336 -0.246714560200453 0.684041796140598
1.14558657163694 -0.342429213211455 0.339902855687286 -0.342429213211455 1.64679877428023 -0.252922843284006 0.339902855687286 -0.252922843284006 0.680875192552348
1.150507280888 -0.351717897774855 0.346175494374613 -0.351717897774855 1.66371650098998 -0.259201008872802 0.346175494374613 -0.259201008872802 0.677806932830978
1.15551767240019 -0.361133359805172 0.352458983027396 -0.361133359805172 1.68084709957893 -0.265550085585635 0.352458983027396 -0.265550085585635 0.674836418776295
