0.975466709026997 -0.0322607382203811 0.0153974053400553 -0.0322607382203811 1.06737884260039 0.0237823798131207 0.0153974053400553 0.0237823798131207 0.962194589288643
0.971166211363554 -0.0382917019062493 0.0180355847435625 -0.0382917019062493 1.08040981219329 0.0281694418770057 0.0180355847435625 0.0281694418770057 0.955496607092175
0.966928840547147 -0.0443579561166878 0.0206159724356601 -0.0443579561166878 1.09365073820997 0.0325642181431511 0.0206159724356601 0.0325642181431511 0.948873220669513
0.962754338662218 -0.0504605436025226 0.023139012792581 -0.0504605436025226 1.10710436663288 0.0369674642478958 0.023139012792581 0.0369674642478958 0.942323761677202
0.958642456415201 -0.056600516111825 0.0256051417200842 -0.056600516111825 1.1207734856161 0.0413799393301816 0.0256051417200842 0.0413799393301816 0.935847571136884
0.954592953122054 -0.0627789345847002 0.0280147867000493 -0.0627789345847002 1.13466092605653 0.0458024061637798 0.0280147867000493 0.0458024061637798 0.929443999358834
0.950605596697121 -0.0689968693501209 0.0303683668358572 -0.0689968693501209 1.14876956217372 0.0502356312904876 0.0303683668358572 0.0502356312904876 0.923112405866759
0.946680163643341 -0.0752554003248547 0.0326662928965533 -0.0752554003248547 1.16310231209825 0.0546803851543202 0.0326662928965533 0.0546803851543202 0.916852159323847
0.942816439043793 -0.0815556172145081 0.0349089673598039 -0.0815556172145081 1.177662138469 0.0591374422367263 0.0349089673598039 0.0591374422367263 0.910662637460053
0.939014216554584 -0.0878986197167354 0.0370967844536422 -0.0878986197167354 1.19245204903918 0.0636075811928458 0.0370967844536422 0.0636075811928458 0.90454322700063
0.935273298399089 -0.0942855177266533 0.0392301301970141 -0.0942855177266533 1.20747509729151 0.0680915849888393 0.0392301301970141 0.0680915849888393 0.898493323595871
0.931593495363535 -0.100717431544489 0.0413093824391198 -0.100717431544489 1.22273438306244 0.0725902410403122 0.0413093824391198 0.0725902410403122 0.89251233175208
0.927974626793943 -0.107195492085517 0.0433349108975603 -0.107195492085517 1.23823305317569 0.0771043413518595 0.0433349108975603 0.0771043413518595 0.886599664763757
0.924416520594427 -0.113720841092309 0.0453070771952862 -0.113720841092309 1.25397430208518 0.0816346826577575 0.0453070771952862 0.0816346826577575 0.880754744646969
0.920919013226844 -0.120294631349355 0.0472262348963549 -0.120294631349355 1.26996137252749 0.0861820665638281 0.0472262348963549 0.0861820665638281 0.87497700207394
0.917481949711824 -0.12691802690008 0.0490927295404966 -0.12691802690008 1.28619755618397 0.0907472996905001 0.0490927295404966 0.0907472996905001 0.869265876308819
0.914105183631154 -0.133592203266307 0.0509068986764911 -0.133592203266307 1.30268619435267 0.0953311938170962 0.0509068986764911 0.0953311938170962 0.863620815144626
0.910788577131547 -0.140318347670218 0.0526690718943584 -0.140318347670218 1.31943067863015 0.0999345660273738 0.0526690718943584 0.0999345660273738 0.858041274841387
0.907532000929776 -0.147097659258828 0.0543795708563636 -0.147097659258828 1.33643445160347 0.10455823885634 0.0543795708563636 0.10455823885634 0.852526720065431
0.904335334319204 -0.153931349331046 0.0560387093268377 -0.153931349331046 1.35370100755224 0.109203040438378 0.0560387093268377 0.109203040438378 0.847076623829849
0.901198465177691 -0.160820641567353 0.0576467932008171 -0.160820641567353 1.37123389316116 0.113869804656701 0.0576467932008171 0.113869804656701 0.841690467436119
0.898121289976906 -0.167766772262136 0.0592041205315012 -0.167766772262136 1.389036708243 0.118559371294176 0.0592041205315012 0.118559371294176 0.836367740416871
0.895103713793018 -0.174770990558736 0.0607109815565276 -0.174770990558736 1.40711310647221 0.123272586185525 0.0607109815565276 0.123272586185525 0.831107940479809
0.892145650318816 -0.181834558687244 0.0621676587230724 -0.181834558687244 1.42546679612937 0.128010301370961 0.0621676587230724 0.128010301370961 0.825910573452769
0.889247021877223 -0.188958752205104 0.0635744267117661 -0.188958752205104 1.44410154085655 0.132773375251252 0.0635744267117661 0.132773375251252 0.820775153229905
0.88640775943623 -0.196144860240552 0.0649315524594338 -0.196144860240552 1.4630211604238 0.137562672744278 0.0649315524594338 0.137562672744278 0.815701201719017
0.883627802625261 -0.20339418573896 0.0662392951806565 -0.20339418573896 1.48222953150686 0.142379065443082 0.0662392951806565 0.142379065443082 0.810688248789995
0.880907099752955 -0.210708045712109 0.0674979063881534 -0.210708045712109 1.5017305884763 0.147223431775463 0.0674979063881534 0.147223431775463 0.805735832224384
0.878245607826405 -0.218087771490466 0.0687076299119846 -0.218087771490466 1.52152832419827 0.15209665716513 0.0687076299119846 0.15209665716513 0.800843497666067
0.875643292571818 -0.225534708978492 0.0698687019175766 -0.225534708978492 1.54162679084692 0.156999634194458 0.0698687019175766 0.156999634194458 0.796010798573052
0.873100128456654 -0.233050218913039 0.070981350922567 -0.233050218913039 1.56203010072876 0.161933262768858 0.070981350922567 0.161933262768858 0.791237296170371
0.870616098713196 -0.240635677124891 0.0720457978124672 -0.240635677124891 1.58274242711909 0.166898450282826 0.0720457978124672 0.166898450282826 0.786522559404079
0.86819119536362 -0.248292474803494 0.0730622558551468 -0.248292474803494 1.60376800511062 0.171896111787654 0.0730622558551468 0.171896111787654 0.781866164896347
0.865825419246515 -0.256022018764933 0.0740309307141329 -0.256022018764933 1.6251111324746 0.17692717016089 0.0740309307141329 0.17692717016089 0.77726769690165
0.863518780044903 -0.263825731723194 0.0749520204607262 -0.263825731723194 1.64677617053442 0.18199255627753 0.0749520204607262 0.18199255627753 0.772726747264051
0.861271296315751 -0.271705052564787 0.0758257155849315 -0.271705052564787 1.66876754505204 0.187093209183007 0.0758257155849315 0.187093209183007 0.768242915375558
0.859082995520985 -0.279661436626766 0.0766521990052017 -0.279661436626766 1.69108974712734 0.192230076267995 0.0766521990052017 0.192230076267995 0.763815808135575
0.856953914060015 -0.287696355978202 0.0774316460769914 -0.287696355978202 1.71374733411061 0.197404113445069 0.0774316460769914 0.197404113445069 0.759445039911429
0.854884097303789 -0.295811299705179 0.0781642246001199 -0.295811299705179 1.73674493052832 0.202616285327244 0.0781642246001199 0.202616285327244 0.755130232499968
0.85287359963037 -0.304007774199346 0.0788500948249407 -0.304007774199346 1.76008722902239 0.207867565408445 0.0788500948249407 0.207867565408445 0.750871015090242
0.850922484462071 -0.312287303450108 0.0794894094573148 -0.312287303450108 1.78377899130319 0.213158936245921 0.0794894094573148 0.213158936245921 0.746667024227245
0.849030824304121 -0.320651429340482 0.0800823136623841 -0.320651429340482 1.80782504911636 0.218491389644657 0.0800823136623841 0.218491389644657 0.742517903776731
0.84719870078492 -0.329101711946715 0.0806289450671455 -0.329101711946715 1.83223030522373 0.223865926843805 0.0806289450671455 0.223865926843805 0.73842330489109
0.84542620469785 -0.337639729841684 0.0811294337618175 -0.337639729841684 1.85699973439854 0.229283558705182 0.0811294337618175 0.229283558705182 0.734382885976293
0.843713436044682 -0.346267080402167 0.0815839022999998 -0.346267080402167 1.88213838443508 0.234745305903863 0.0815839022999998 0.234745305903863 0.730396312659893
0.84206050408058 -0.354985380120029 0.0819924656976209 -0.354985380120029 1.90765137717305 0.240252199120903 0.0819924656976209 0.240252199120903 0.726463257760087
0.840467527360714 -0.363796264917391 0.0823552314306709 -0.363796264917391 1.93354390953681 0.245805279238244 0.0823552314306709 0.245805279238244 0.722583401255834
0.838934633788493 -0.372701390465847 0.0826722994317141 -0.372701390465847 1.95982125458971 0.251405597535815 0.0826722994317141 0.251405597535815 0.718756430258027
0.837461960665442 -0.381702432509784 0.0829437620851778 -0.381702432509784 1.98648876260371 0.257054215890888 0.0829437620851778 0.257054215890888 0.714982038981725
0.836049654742713 -0.390801087193871 0.0831697042214139 -0.390801087193871 2.0135518621446 0.262752206979722 0.0831697042214139 0.262752206979722 0.711259928719429
