0.986078664127148 -0.0309970464856976 -0.0359122638536438 -0.0309970464856976 1.02553911647198 -0.046605583037022 -0.0359122638536438 -0.046605583037022 0.993335459794537
0.983792097858158 -0.0365432051345138 -0.0422659673797006 -0.0365432051345138 1.03064032167353 -0.0551336787639838 -0.0422659673797006 -0.0551336787639838 0.992496069082922
0.98158697452951 -0.042045989395867 -0.0485470812644312 -0.042045989395867 1.03586941656821 -0.0636553199423645 -0.0485470812644312 -0.0636553199423645 0.991774171628185
0.979462327588577 -0.0475063037152395 -0.0547566375454901 -0.0475063037152395 1.0412266580277 -0.0721719080830529 -0.0547566375454901 -0.0721719080830529 0.991169045356178
0.977417205367548 -0.0529250420575191 -0.0608956524112331 -0.0529250420575191 1.04671232133701 -0.0806848386899902 -0.0608956524112331 -0.0806848386899902 0.990679988291422
0.975450670874494 -0.0583030880832211 -0.0669651264151186 -0.0583030880832211 1.05232670016332 -0.0891955014982018 -0.0669651264151186 -0.0891955014982018 0.990306318368262
0.973561801587472 -0.0636413153224367 -0.0729660446868623 -0.0636413153224367 1.05807010652769 -0.0977052807100148 -0.0729660446868623 -0.0977052807100148 0.990047373245785
0.971749689251651 -0.0689405873465366 -0.0788993771403904 -0.0689405873465366 1.06394287077973 -0.1062155552295 -0.0788993771403904 -0.1062155552295 0.989902510126486
0.970013439679385 -0.0742017579376731 -0.0847660786786323 -0.0742017579376731 1.06994534157517 -0.114727698895185 -0.0847660786786323 -0.114727698895185 0.989871105578614
0.968352172553203 -0.0794256712561102 -0.0905670893952017 -0.0794256712561102 1.0760778858563 -0.123243080711083 -0.0905670893952017 -0.123243080711083 0.989952555362171
0.966765021231685 -0.0846131620054145 -0.0963033347730043 -0.0846131620054145 1.08234088883523 -0.131763065076076 -0.0963033347730043 -0.131763065076076 0.990146274258524
0.965251132558166 -0.0897650555955479 -0.101975725879817 -0.0897650555955479 1.08873475398009 -0.140289012011684 -0.101975725879817 -0.140289012011684 0.990451695903583
0.963809666672237 -0.0948821683038849 -0.107585159560881 -0.0948821683038849 1.09525990300403 -0.14882227738829 -0.107585159560881 -0.14882227738829 0.990868272624504
0.962439796824005 -0.0999653074341992 -0.113132518628546 -0.0999653074341992 1.10191677585703 -0.157364213149828 -0.113132518628546 -0.157364213149828 0.991395475279887
0.961140709191058 -0.105015271473637 -0.118618672049013 -0.105015271473637 1.10870583072056 -0.165916167536995 -0.118618672049013 -0.165916167536995 0.992032793103424
0.95991160269812 -0.110032850247726 -0.124044475126209 -0.110032850247726 1.11562754400501 -0.174479485309019 -0.124044475126209 -0.174479485309019 0.992779733550956
0.958751688839337 -0.115018825073437 -0.129410769682835 -0.115018825073437 1.12268241034994 -0.183055507964034 -0.129410769682835 -0.183055507964034 0.993635822150921
0.957660191503163 -0.119973968910337 -0.134718384238628 -0.119973968910337 1.1298709426271 -0.191645573958078 -0.134718384238628 -0.191645573958078 0.994600602358128
0.956636346799818 -0.124899046509862 -0.139968134185874 -0.124899046509862 1.13719367194623 -0.200251018922778 -0.139968134185874 -0.200251018922778 0.995673635410844
0.955679402891264 -0.129794814562742 -0.145160821962205 -0.129794814562742 1.1446511476636 -0.208873175881743 -0.145160821962205 -0.208873175881743 0.99685450019115
0.954788619823679 -0.134662021844599 -0.15029723722073 -0.134662021844599 1.1522439373933 -0.21751337546572 -0.15029723722073 -0.21751337546572 0.998142793088536
0.953963269362383 -0.139501409359769 -0.155378156997519 -0.139501409359769 1.15997262702132 -0.226172946126523 -0.155378156997519 -0.226172946126523 0.999538127866693
0.95320263482919 -0.14431371048334 -0.160404345876488 -0.14431371048334 1.16783782072229 -0.234853214349808 -0.160404345876488 -0.234853214349808 1.00104013553348
0.952506010942141 -0.149099651101485 -0.165376556151719 -0.149099651101485 1.17584014097903 -0.243555504866701 -0.165376556151719 -0.243555504866701 1.00264846421403
0.95187270365759 -0.153859949750061 -0.170295527987248 -0.153859949750061 1.1839802286047 -0.252281140864336 -0.170295527987248 -0.252281140864336 1.00436277902694
0.951302030014615 -0.158595317751556 -0.175161989574349 -0.158595317751556 1.19225874276782 -0.261031444195325 -0.175161989574349 -0.261031444195325 1.00618276196359
0.950793317981708 -0.16330645935037 -0.179976657286365 -0.16330645935037 1.2006763610198 -0.269807735586205 -0.179976657286365 -0.269807735586205 1.00810811177042
0.950345906305722 -0.167994071846484 -0.184740235831097 -0.167994071846484 1.20923377932537 -0.2786113348449 -0.184740235831097 -0.2786113348449 1.01013854383433
0.94995914436304 -0.172658845727525 -0.189453418400806 -0.172658845727525 1.21793171209552 -0.287443561067221 -0.189453418400806 -0.287443561067221 1.01227379007092
0.949632392012931 -0.177301464799274 -0.19411688681984 -0.177301464799274 1.22677089222326 -0.296305732842455 -0.19411688681984 -0.296305732842455 1.01451359881585
0.949365019453069 -0.181922606314614 -0.198731311689935 -0.181922606314614 1.23575207112197 -0.305199168458063 -0.198731311689935 -0.305199168458063 1.01685773471902
0.949156407077172 -0.186522941100978 -0.20329735253321 -0.186522941100978 1.24487601876646 -0.314125186103541 -0.20329735253321 -0.314125186103541 1.01930597864164
0.949005945334756 -0.191103133686295 -0.207815657932891 -0.191103133686295 1.25414352373674 -0.323085104073451 -0.207815657932891 -0.323085104073451 1.02185812755626
0.948913034592929 -0.195663842423472 -0.212286865671793 -0.195663842423472 1.26355539326435 -0.332080240969687 -0.212286865671793 -0.332080240969687 1.02451399444956
0.948877085000257 -0.200205719613435 -0.216711602868597 -0.200205719613435 1.27311245328149 -0.341111915902989 -0.216711602868597 -0.341111915902989 1.02727340822798
0.948897516352614 -0.204729411626755 -0.221090486111936 -0.204729411626755 1.28281554847269 -0.35018144869374 -0.221090486111936 -0.35018144869374 1.03013621362621
0.948973757961023 -0.209235559023871 -0.225424121592337 -0.209235559023871 1.29266554232922 -0.359290160072091 -0.225424121592337 -0.359290160072091 1.03310227111833
0.94910524852145 -0.213724796673956 -0.229713105232031 -0.213724796673956 1.3026633172061 -0.36843937187744 -0.229713105232031 -0.36843937187744 1.03617145683181
0.949291435986527 -0.218197753872431 -0.23395802281268 -0.218197753872431 1.3128097743818 -0.377630407257297 -0.23395802281268 -0.377630407257297 1.03934366246414
0.949531777439166 -0.222655054457154 -0.238159450101018 -0.222655054457154 1.32310583412059 -0.38686459086557 -0.238159450101018 -0.38686459086557 1.04261879520222
0.949825738968047 -0.227097316923317 -0.242317952972468 -0.227097316923317 1.33355243573749 -0.396143249060299 -0.242317952972468 -0.396143249060299 1.0459967776444
0.950172795544954 -0.231525154537056 -0.246434087532735 -0.231525154537056 1.34415053766599 -0.405467710100889 -0.246434087532735 -0.405467710100889 1.04947754772513
0.950572430903927 -0.235939175447813 -0.250508400237417 -0.235939175447813 1.35490111752825 -0.414839304344843 -0.250508400237417 -0.414839304344843 1.05306105864233
0.951024137422208 -0.240339982799468 -0.25454142800965 -0.240339982799468 1.36580517220813 -0.424259364444061 -0.25454142800965 -0.424259364444061 1.05674727878731
0.951527416002953 -0.244728174840249 -0.258533698355821 -0.244728174840249 1.37686371792672 -0.433729225540708 -0.258533698355821 -0.433729225540708 1.06053619167724
0.952081775959687 -0.249104345031466 -0.262485729479367 -0.249104345031466 1.38807779032062 -0.443250225462698 -0.262485729479367 -0.443250225462698 1.06442779589026
0.952686734902484 -0.253469082155068 -0.266398030392697 -0.253469082155068 1.39944844452286 -0.452823704918833 -0.266398030392697 -0.452823704918833 1.06842210500314
0.953341818625826 -0.257822970420054 -0.270271101027238 -0.257822970420054 1.41097675524641 -0.462451007693599 -0.270271101027238 -0.462451007693599 1.07251914753135
0.954046560998152 -0.262166589567765 -0.274105432341659 -0.262166589567765 1.42266381687046 -0.472133480841684 -0.274105432341659 -0.472133480841684 1.07671896687179
0.954800503853029 -0.266500514976058 -0.27790150642827 -0.266500514976058 1.43451074352925 -0.481872474882227 -0.27790150642827 -0.481872474882227 1.0810216212479
