1.06564473249095 -0.00667334536121872 -0.0135287943052772 -0.00667334536121872 0.992572520138317 0.0336175519602035 -0.0135287943052772 0.0336175519602035 0.946765615218382
1.07818624377835 -0.00798968703139356 -0.0160542977958587 -0.00798968703139356 0.991344104203721 0.0395755645444078 -0.0160542977958587 0.0395755645444078 0.937447283706627
1.09088261389083 -0.00933468810515038 -0.0185934524157402 -0.00933468810515038 0.990156717359011 0.0454688512320682 -0.0185934524157402 0.0454688512320682 0.928266999695507
1.10373572631376 -0.0107085733981135 -0.0211466823510129 -0.0107085733981135 0.989009923472973 0.0512983959930111 -0.0211466823510129 0.0512983959930111 0.919222992576262
1.11674748793116 -0.0121115722745523 -0.02371441355592 -0.0121115722745523 0.987903293539522 0.0570651706496786 -0.02371441355592 0.0570651706496786 0.910313516896683
1.1299198293099 -0.0135439186791686 -0.0262970738213073 -0.0135439186791686 0.986836405595708 0.0627701350561139 -0.0262970738213073 0.0627701350561139 0.90153685203444
1.14325470498732 -0.0150058511696012 -0.0288950928432807 -0.0150058511696012 0.985808844641043 0.0684142372746996 -0.0288950928432807 0.0684142372746996 0.892891301875038
1.15675409376245 -0.0164976129496509 -0.0315089022920831 -0.0164976129496509 0.98482020255808 0.0739984137506794 -0.0315089022920831 0.0739984137506794 0.884375194494291
1.1704199989909 -0.018019451903234 -0.0341389358812024 -0.018019451903234 0.983870078034257 0.0795235894844963 -0.0341389358812024 0.0795235894844963 0.875986881845292
1.18425444888337 -0.0195716206290652 -0.0367856294367205 -0.0195716206290652 0.982958076484994 0.0849906782019785 -0.0367856294367205 0.0849906782019785 0.867724739449797
1.19825949680793 -0.0211543764760764 -0.0394494209669159 -0.0211543764760764 0.982083809977998 0.090400582522403 -0.0394494209669159 0.090400582522403 0.859587166093978
1.21243722159597 -0.0227679815795771 -0.042130750732129 -0.0227679815795771 0.981246897158812 0.0957541941244729 -0.042130750732129 0.0957541941244729 0.851572583528485
1.22678972785204 -0.0244127028981605 -0.0448300613149051 -0.0244127028981605 0.98044696317754 0.101052393910233 -0.0448300613149051 0.101052393910233 0.843679436172757
1.2413191462675 -0.0260888122513573 -0.047547797690421 -0.0260888122513573 0.979683639616775 0.106296052166957 -0.047547797690421 0.106296052166957 0.835906190823534
1.25602763393806 -0.0277965863580491 -0.050284407297213 -0.0277965863580491 0.978956564420689 0.111486028727038 -0.050284407297213 0.111486028727038 0.828251336367507
1.27091737468527 -0.0295363068756403 -0.0530403401082108 -0.0295363068756403 0.978265381825297 0.116623173125903 -0.0530403401082108 0.116623173125903 0.820713383498057
1.28599057938204 -0.0313082604399996 -0.0558160487020943 -0.0313082604399996 0.977609742289855 0.121708324757998 -0.0558160487020943 0.121708324757998 0.813290864436035
1.30124948628211 -0.0331127387061684 -0.0586119883349821 -0.0331127387061684 0.976989302429392 0.126742313030851 -0.0586119883349821 0.126742313030851 0.805982332654517
1.31669636135372 -0.0349500383898532 -0.0614286170124635 -0.0349500383898532 0.976403724948376 0.131725957517256 -0.0614286170124635 0.131725957517256 0.798786362607499
1.33233349861732 -0.0368204613096969 -0.0642663955619848 -0.0368204613096969 0.975852678575478 0.136660068105605 -0.0642663955619848 0.136660068105605 0.791701549462464
1.34816322048756 -0.0387243144303427 -0.0671257877056036 -0.0387243144303427 0.975335837999424 0.141545445148386 -0.0671257877056036 0.141545445148386 0.784726508836789
1.36418787811941 -0.0406619099062903 -0.0700072601331205 -0.0406619099062903 0.97485288380595 0.146382879608883 -0.0700072601331205 0.146382879608883 0.777859876537926
1.38040985175869 -0.042633565126558 -0.0729112825756005 -0.042633565126558 0.974403502415813 0.151173153206108 -0.0729112825756005 0.151173153206108 0.77110030830732
1.39683155109686 -0.04463960276015 -0.0758383278792965 -0.04463960276015 0.973987386023872 0.155917038557982 -0.0758383278792965 0.155917038557982 0.764446479568015
1.41345541563026 -0.0466803508023381 -0.0787888720799863 -0.0466803508023381 0.973604232539203 0.160615299322789 -0.0787888720799863 0.160615299322789 0.757897085175886
1.43028391502373 -0.0487561426217646 -0.0817633944777329 -0.0487561426217646 0.973253745526265 0.165268690338953 -0.0817633944777329 0.165268690338953 0.751450839174473
1.44731954947884 -0.0508673170083764 -0.0847623777120849 -0.0508673170083764 0.972935634147087 0.169877957763128 -0.0847623777120849 0.169877957763128 0.745106474553361
1.46456485010656 -0.0530142182221872 -0.0877863078377223 -0.0530142182221872 0.972649613104462 0.174443839206661 -0.0877863078377223 0.174443839206661 0.738862743010046
1.48202237930467 -0.055197196042886 -0.0908356744005659 -0.055197196042886 0.972395402586152 0.178967063870422 -0.0908356744005659 0.178967063870422 0.732718414715273
1.49969473113971 -0.0574166058202932 -0.093910970514357 -0.0574166058202932 0.972172728210088 0.183448352678052 -0.093910970514357 0.183448352678052 0.726672278081774
1.51758453173377 -0.0596728085256696 -0.0970126929377244 -0.0596728085256696 0.971981320970537 0.187888418407639 -0.0970126929377244 0.187888418407639 0.720723139536379
1.535694439656 -0.061966170803893 -0.100141342151746 -0.061966170803893 0.971820917185261 0.192287965821845 -0.100141342151746 0.192287965821845 0.714869823295442
1.554027146319 -0.0642970650265013 -0.103297422438023 -0.0642970650265013 0.971691258443618 0.196647691796519 -0.103297422438023 0.196647691796519 0.709111171143574
1.57258537638007 -0.0666658693456141 -0.106481441957271 -0.0666658693456141 0.971592091555631 0.20096828544781 -0.106481441957271 0.20096828544781 0.703446042215582
1.59137188814749 -0.0690729677487434 -0.109693912828447 -0.0690729677487434 0.971523168501987 0.205250428257801 -0.109693912828447 0.205250428257801 0.69787331278164
1.61038947399176 -0.0715187501144937 -0.112935351208427 -0.0715187501144937 0.971484246384972 0.209494794198701 -0.112935351208427 0.209494794198701 0.692391876035605
1.62964096076193 -0.0740036122691667 -0.116206277372234 -0.0740036122691667 0.971475087380328 0.213702049855607 -0.116206277372234 0.213702049855607 0.68700064188645
1.64912921020716 -0.0765279560442732 -0.119507215793845 -0.0765279560442732 0.971495458690023 0.217872854547849 -0.119507215793845 0.217872854547849 0.681698536752789
1.66885711940335 -0.0790921893349654 -0.122838695227575 -0.0790921893349654 0.971545132495929 0.222007860448973 -0.122838695227575 0.222007860448973 0.676484503360437
1.6888276211852 -0.0816967261593948 -0.126201248790065 -0.0816967261593948 0.971623885914381 0.226107712705338 -0.126201248790065 0.226107712705338 0.671357500542977
1.70904368458344 -0.0843419867190048 -0.129595414042874 -0.0843419867190048 0.971731500951647 0.230173049553396 -0.129595414042874 0.230173049553396 0.66631650304529
1.72950831526764 -0.087028397459766 -0.133021733075693 -0.087028397459766 0.971867764460243 0.234204502435635 -0.133021733075693 0.234204502435635 0.661360501330021
1.75022455599433 -0.0897563911343669 -0.136480752590202 -0.0897563911343669 0.972032468096147 0.238202696115239 -0.136480752590202 0.238202696115239 0.656488501386935
1.77119548706078 -0.0925264068653644 -0.139973023984563 -0.0925264068653644 0.972225408276854 0.242168248789462 -0.139973023984563 0.242168248789462 0.651699524545131
1.79242422676429 -0.0953388902093046 -0.143499103438586 -0.0953388902093046 0.972446386140294 0.24610177220175 -0.143499103438586 0.24610177220175 0.646992607288075
1.81391393186722 -0.0981942932218231 -0.147059551999564 -0.0981942932218231 0.97269520750458 0.250003871752634 -0.147059551999564 0.250003871752634 0.642366801071429
1.83566779806771 -0.10109307452374 -0.150654935668796 -0.10109307452374 0.972971682828618 0.253875146609394 -0.150654935668796 0.253875146609394 0.637821172143623
1.85768906047627 -0.104035699368142 -0.154285825488812 -0.104035699368142 0.973275627173512 0.257716189814544 -0.154285825488812 0.257716189814544 0.633354801369158
1.87998099409819 -0.107022639708491 -0.157952797631319 -0.107022639708491 0.973606860164822 0.26152758839313 -0.157952797631319 0.26152758839313 0.628966784054578
1.90254691432193 -0.110054374267732 -0.161656433485862 -0.110054374267732 0.97396520595561 0.265309923458879 -0.161656433485862 0.265309923458879 0.624656229777112
