1.01019701135424 -0.0431288802347054 -0.0242014166261023 -0.0431288802347054 0.963295172592217 0.0369872537512485 -0.0242014166261023 0.0369872537512485 1.03151706985758
1.01234496439301 -0.0510171666611975 -0.0289259260354882 -0.0510171666611975 0.957055485872414 0.0438678840657021 -0.0289259260354882 0.0438678840657021 1.03762094785044
1.01457935400687 -0.0588984194036617 -0.0337390723737536 -0.0588984194036617 0.950969126612547 0.050778405206157 -0.0337390723737536 0.050778405206157 1.04382532895027
1.01690064711517 -0.0667739727697326 -0.0386416703154903 -0.0667739727697326 0.945035152890201 0.057719987057088 -0.0386416703154903 0.057719987057088 1.05013135216426
1.01930932549863 -0.0746451608054374 -0.0436345500556599 -0.0746451608054374 0.939252647953838 0.0646938053575422 -0.0436345500556599 0.0646938053575422 1.05654017420037
1.02180588588837 -0.0825133175197807 -0.0487185574576147 -0.0825133175197807 0.933620720081648 0.0717010419022757 -0.0487185574576147 0.0717010419022757 1.06305296967158
1.02439084005747 -0.0903797771094365 -0.0538945542038362 -0.0903797771094365 0.928138502444549 0.0787428847440173 -0.0538945542038362 0.0787428847440173 1.06967093130317
1.02706471491514 -0.0982458741835969 -0.0591634179494185 -0.0982458741835969 0.922805152973305 0.085820528396893 -0.0591634179494185 0.085820528396893 1.07639527014324
1.02982805260348 -0.106112943989002 -0.0645260424783217 -0.106112943989002 0.917619854229736 0.0929351740410444 -0.0645260424783217 0.0929351740410444 1.08322721577636
1.03268141059681 -0.113982322635202 -0.0699833378624264 -0.113982322635202 0.912581813282032 0.100088029728482 -0.0699833378624264 0.100088029728482 1.09016801654048
1.03562536180372 -0.121855347320079 -0.0755362306234149 -0.121855347320079 0.907690261584098 0.107280310590199 -0.0755362306234149 0.107280310590199 1.09721893974711
1.03866049467172 -0.129733356555672 -0.0811856638975084 -0.129733356555672 0.902944454858976 0.114513239044594 -0.0811856638975084 0.114513239044594 1.10438127190486
1.04178741329458 -0.137617690394346 -0.0869325976030901 -0.137617690394346 0.898343672986263 0.121788045007225 -0.0869325976030901 0.121788045007225 1.11165631894625
1.04500673752232 -0.145509690655334 -0.0927780086112454 -0.145509690655334 0.89388721989356 0.129105966101937 -0.0927780086112454 0.129105966101937 1.11904540645795
1.048319103074 -0.153410701151701 -0.098722890919243 -0.153410701151701 0.88957442345191 0.136468247873406 -0.098722890919243 0.136468247873406 1.12654987991446
1.05172516165315 -0.161322067917763 -0.104768255826999 -0.161322067917763 0.885404635375205 0.143876144001121 -0.104768255826999 0.143876144001121 1.1341711049153
1.05522558106601 -0.169245139436995 -0.110915132116544 -0.169245139436995 0.881377231123567 0.151330916514857 -0.110915132116544 0.151330916514857 1.14191046742558
1.05882104534251 -0.177181266870481 -0.117164566234528 -0.177181266870481 0.877491609810675 0.158833836011661 -0.117164566234528 0.158833836011661 1.1497693740203
1.06251225486013 -0.185131804285924 -0.123517622477806 -0.185131804285924 0.87374719411502 0.166386181874399 -0.123517622477806 0.166386181874399 1.15774925213214
1.0662999264704 -0.19309810888728 -0.129975383182117 -0.19309810888728 0.870143430195097 0.173989242491904 -0.129975383182117 0.173989242491904 1.16585155030293
1.07018479362848 -0.201081541245028 -0.13653894891391 -0.201081541245028 0.866679787608496 0.181644315480744 -0.13653894891391 0.181644315480744 1.17407773843878
1.07416760652539 -0.209083465527138 -0.143209438665337 -0.209083465527138 0.863355759234892 0.189352707908672 -0.143209438665337 0.189352707908672 1.182429308069
1.07824913222327 -0.217105249730763 -0.149987990052457 -0.217105249730763 0.860170861202932 0.197115736519783 -0.149987990052457 0.197115736519783 1.19090777260873
1.08243015479347 -0.225148265914697 -0.156875759516674 -0.225148265914697 0.85712463282099 0.204934727961421 -0.156875759516674 0.204934727961421 1.19951466762547
1.08671147545765 -0.233213890432648 -0.163873922529463 -0.233213890432648 0.854216636511797 0.212811019012871 -0.163873922529463 0.212811019012871 1.20825155110941
1.09109391273177 -0.241303504167341 -0.170983673800404 -0.241303504167341 0.851446457750923 0.220745956815877 -0.170983673800404 0.220745956815877 1.2171200037477
1.09557830257311 -0.249418492765528 -0.178206227488561 -0.249418492765528 0.848813705009118 0.228740899107036 -0.178206227488561 0.228740899107036 1.22612162920276
1.10016549853033 -0.257560246873905 -0.185542817417259 -0.257560246873905 0.846318009698489 0.236797214452087 -0.185542817417259 0.236797214452087 1.23525805439449
1.1048563718965 -0.265730162376013 -0.192994697292282 -0.265730162376013 0.843959026122516 0.24491628248216 -0.192994697292282 0.24491628248216 1.2445309297866
1.10965181186526 -0.273929640630131 -0.200563140923535 -0.273929640630131 0.841736431429899 0.253099494132004 -0.200563140923535 0.253099494132004 1.25394192967712
1.11455272569008 -0.28216008870823 -0.208249442450206 -0.28216008870823 0.839649925572231 0.261348251880246 -0.208249442450206 0.261348251880246 1.26349275249295
1.11956003884658 -0.290422919636001 -0.21605491656948 -0.290422919636001 0.837699231265474 0.269663969991731 -0.21605491656948 0.269663969991731 1.27318512108874
1.12467469519809 -0.29871955263403 -0.223980898768831 -0.29871955263403 0.835884093955277 0.278048074761961 -0.223980898768831 0.278048074761961 1.28302078304998
1.12989765716435 -0.307051413360126 -0.232028745561935 -0.307051413360126 0.834204281786077 0.286502004763698 -0.232028745561935 0.286502004763698 1.29300151100046
1.1352299058934 -0.31541993415288 -0.240199834728261 -0.31541993415288 0.832659585574027 0.29502721109577 -0.240199834728261 0.29502721109577 1.30312910291404
1.14067244143678 -0.323826554276453 -0.248495565556353 -0.323826554276453 0.831249818783717 0.3036251576341 -0.248495565556353 0.3036251576341 1.31340538243098
1.14622628292797 -0.33227272016669 -0.256917359090885 -0.33227272016669 0.829974817508703 0.312297321285042 -0.256917359090885 0.312297321285042 1.32383219917858
1.1518924687641 -0.340759885678541 -0.265466658383491 -0.340759885678541 0.828834440455834 0.321045192241029 -0.265466658383491 0.321045192241029 1.33441142909656
1.1576720567911 -0.349289512334889 -0.274144928747446 -0.349289512334889 0.827828568933386 0.329870274238604 -0.274144928747446 0.329870274238604 1.34514497476688
1.16356612449213 -0.357863069576785 -0.282953658016232 -0.357863069576785 0.826957106842993 0.338774084818862 -0.282953658016232 0.338774084818862 1.35603476574837
1.16957576917945 -0.366482035015153 -0.291894356806026 -0.366482035015153 0.826219980675377 0.34775815559036 -0.291894356806026 0.34775815559036 1.36708275891591
1.17570210818975 -0.375147894684002 -0.300968558782169 -0.375147894684002 0.825617139509882 0.356824032494527 -0.300968558782169 0.356824032494527 1.37829093880456
1.18194627908295 -0.383862143295199 -0.31017782092966 -0.383862143295199 0.825148555017824 0.365973276073644 -0.31017782092966 0.365973276073644 1.38966131795844
1.18830943984445 -0.392626284494826 -0.319523723827718 -0.392626284494826 0.824814221469625 0.375207461741405 -0.319523723827718 0.375207461741405 1.4011959372845
1.19479276909105 -0.401441831121182 -0.329007871928462 -0.401441831121182 0.824614155745782 0.384528180056144 -0.329007871928462 0.384528180056144 1.41289686641132
1.20139746628032 -0.410310305464475 -0.338631893839763 -0.410310305464475 0.824548397351633 0.39393703699674 -0.338631893839763 0.39393703699674 1.42476620405285
1.2081247519237 -0.419233239528239 -0.348397442612312 -0.419233239528239 0.824617008435955 0.403435654241284 -0.348397442612312 0.403435654241284 1.43680607837734
1.21497586780318 -0.428212175292518 -0.358306196030962 -0.428212175292518 0.824820073813371 0.413025669448523 -0.358306196030962 0.413025669448523 1.44901864738136
1.22195207719173 -0.437248664978886 -0.368359856910372 -0.437248664978886 0.825157700990606 0.422708736542147 -0.368359856910372 0.422708736542147 1.46140609926905
1.22905466507744 -0.44634427131731 -0.378560153395055 -0.44634427131731 0.825630020196557 0.432486525997971 -0.378560153395055 0.432486525997971 1.47397065283666
