1.06916737420716 -0.000490748594016568 0.0348044381196381 -0.000490748594016568 0.945016812305667 -0.00302226981643165 0.0348044381196381 -0.00302226981643165 0.990868300074156
1.08250944498545 -0.000592994101920439 0.0414189684228438 -0.000592994101920439 0.935252583595401 -0.00355773147077331 0.0414189684228438 -0.00355773147077331 0.989331079874463
1.09605660803228 -0.000699038984217215 0.0481051416341094 -0.000699038984217215 0.92558957340445 -0.00408732621900277 0.0481051416341094 -0.00408732621900277 0.987838190507099
1.109811828639 -0.000808901532138759 0.0548641135396677 -0.000808901532138759 0.916026732693292 -0.0046111457809821 0.0548641135396677 -0.0046111457809821 0.986389997401798
1.12377811571606 -0.000922600748294464 0.0616970564030319 -0.000922600748294464 0.906563023317074 -0.00512928123126881 0.0616970564030319 -0.00512928123126881 0.984986872609575
1.13795852243145 -0.00104015635226399 0.0686051592085601 -0.00104015635226399 0.897197417912715 -0.00564182301090145 0.0686051592085601 -0.00564182301090145 0.983629194893508
1.15235614685845 -0.00116158878632619 0.0755896279085672 -0.00116158878632619 0.887928899787186 -0.00614886093913316 0.0755896279085672 -0.00614886093913316 0.982317349820887
1.16697413263283 -0.00128691922132044 0.0826516856740569 -0.00128691922132044 0.878756462806946 -0.00665048422511989 0.0826516856740569 -0.00665048422511989 0.981051729856748
1.18181566961981 -0.00141616956264773 0.0897925731491098 -0.00141616956264773 0.86967911128853 -0.00714678147955866 0.0897925731491098 -0.00714678147955866 0.979832734458814
1.19688399459064 -0.00154936245640435 0.0970135487089908 -0.00154936245640435 0.860695859890278 -0.00763784072628168 0.0970135487089908 -0.00763784072628168 0.978660770173864
1.21218239190926 -0.00168652129565691 0.104315888722028 -0.00168652129565691 0.851805733505188 -0.00812374941380602 0.104315888722028 -0.00812374941380602 0.97753625073555
1.22771419422884 -0.00182767022685578 0.111700887815314 -0.00182767022685578 0.843007767154878 -0.00860459442684233 0.111700887815314 -0.00860459442684233 0.976459597163678
1.24348278319874 -0.00197283415639476 0.119169859144298 -0.00197283415639476 0.834301005884662 -0.00908046209776089 0.119169859144298 -0.00908046209776089 0.975431237864982
1.25949159018165 -0.00212203875731081 0.126724134666307 -0.00212203875731081 0.825684504659706 -0.00955143821802043 0.126724134666307 -0.00955143821802043 0.974451608735413
1.27574409698131 -0.00227531047612748 0.134365065418074 -0.00227531047612748 0.817157328262272 -0.0100176080495583 0.134365065418074 -0.0100176080495583 0.973521153263952
1.29224383658098 -0.00243267653984771 0.142094021797314 -0.00243267653984771 0.808718551190026 -0.0104790563361445 0.142094021797314 -0.0104790563361445 0.972640322637983
1.30899439389257 -0.00259416496309802 0.149912393848423 -0.00259416496309802 0.80036725755541 -0.0109358673147037 0.149912393848423 -0.0109358673147037 0.971809575850251
1.32599940651688 -0.00275980455541518 0.157821591552346 -0.00275980455541518 0.792102540986054 -0.0113881247266006 0.157821591552346 -0.0113881247266006 0.971029379807405
1.34326256551493 -0.00292962492868759 0.165823045120687 -0.00292962492868759 0.783923504526226 -0.0118359118288973 0.165823045120687 -0.0118359118288973 0.97030020944018
1.3607876161906 -0.0031036565047578 0.173918205294115 -0.0031036565047578 0.775829260539312 -0.0122793114055808 0.173918205294115 -0.0122793114055808 0.969622547815219
1.37857835888478 -0.00328193052316851 0.182108543645135 -0.00328193052316851 0.767818930611305 -0.0127184057787604 0.182108543645135 -0.0127184057787604 0.968996886248567
1.39663864978106 -0.00346447904907171 0.190395552885282 -0.00346447904907171 0.759891645455304 -0.0131532768198411 0.190395552885282 -0.0131532768198411 0.968423724420861
1.41497240172337 -0.00365133498130042 0.198780747176813 -0.00365133498130042 0.752046544817 -0.0135840059606711 0.198780747176813 -0.0135840059606711 0.967903570494245
1.43358358504547 -0.00384253206059101 0.207265662448943 -0.00384253206059101 0.744282777381152 -0.0140106742046666 0.207265662448943 -0.0140106742046666 0.967436941231022
1.45247622841269 -0.00403810487798114 0.215851856718722 -0.00403810487798114 0.736599500679033 -0.0144333621379142 0.215851856718722 -0.0144333621379142 0.967024362114083
1.47165441967597 -0.00423808888336191 0.224540910416589 -0.00423808888336191 0.728995880996842 -0.0148521499402548 0.224540910416589 -0.0148521499402548 0.96666636746913
1.49112230673841 -0.00444252039420103 0.233334426716693 -0.00444252039420103 0.721471093285064 -0.015267117396347 0.233334426716693 -0.015267117396347 0.966363500588722
1.51088409843455 -0.0046514366044361 0.242234031872046 -0.0046514366044361 0.714024321068785 -0.0156783439067162 0.242234031872046 -0.0156783439067162 0.96611631385817
1.53094406542249 -0.00486487559353868 0.251241375554575 -0.00486487559353868 0.706654756358924 -0.0160859084987881 0.251241375554575 -0.0160859084987881 0.965925368883307
1.55130654108916 -0.00508287633574198 0.260358131200143 -0.00508287633574198 0.699361599564408 -0.0164898898379053 0.260358131200143 -0.0164898898379053 0.965791236620161
1.57197592246878 -0.00530547870946166 0.269585996358625 -0.00530547870946166 0.692144059405248 -0.0168903662383383 0.269585996358625 -0.0168903662383383 0.965714497506563
1.59295667117481 -0.00553272350687689 0.278926693049096 -0.00553272350687689 0.685001352826523 -0.017287415674281 0.278926693049096 -0.017287415674281 0.965695741595708
1.61425331434557 -0.0057646524436965 0.288381968120216 -0.0057646524436965 0.677932704913266 -0.017681115790839 0.288381968120216 -0.017681115790839 0.965735568691706
1.63587044560375 -0.00600130816911218 0.297953593615891 -0.00600130816911218 0.670937348806231 -0.0180715439150128 0.297953593615891 -0.0180715439150128 0.965834588487147
1.65781272602989 -0.00624273427592644 0.307643367146277 -0.00624273427592644 0.664014525618539 -0.0184587770666737 0.307643367146277 -0.0184587770666737 0.965993420702718
1.68008488515019 -0.00648897531087301 0.317453112264211 -0.00648897531087301 0.65716348435319 -0.0188428919695368 0.317453112264211 -0.0188428919695368 0.966212695228888
1.70269172193883 -0.00674007678512172 0.327384678847153 -0.00674007678512172 0.650383481821441 -0.0192239650621321 0.327384678847153 -0.0192239650621321 0.966493052269704
1.7256381058349 -0.00699608518497772 0.337439943484711 -0.00699608518497772 0.643673782562029 -0.0196020725087747 0.337439943484711 -0.0196020725087747 0.966835142488716
1.74892897777429 -0.00725704798277197 0.34762080987184 -0.00725704798277197 0.637033658761235 -0.0199772902105377 0.34762080987184 -0.0199772902105377 0.967239627157081
1.77256935123669 -0.00752301364794651 0.357929209207785 -0.00752301364794651 0.630462390173788 -0.020349693816227 0.357929209207785 -0.020349693816227 0.967707178303853
1.79656431330791 -0.00779403165833895 0.36836710060087 -0.00779403165833895 0.623959264044588 -0.0207193587333607 0.36836710060087 -0.0207193587333607 0.968238478868516
1.82091902575782 -0.00807015251166937 0.378936471479203 -0.00807015251166937 0.617523575031242 -0.0210863601391561 0.378936471479203 -0.0210863601391561 0.968834222855766
1.84563872613403 -0.00835142773722785 0.389639338007396 -0.00835142773722785 0.611154625127419 -0.0214507729915247 0.389639338007396 -0.0214507729915247 0.969495115492607
1.87072872887165 -0.00863790990776611 0.400477745509373 -0.00863790990776611 0.604851723586992 -0.0218126720400746 0.400477745509373 -0.0218126720400746 0.970221873387759
1.89619442641928 -0.00892965265160548 0.411453768897377 -0.00892965265160548 0.59861418684898 -0.0221721318371295 0.411453768897377 -0.0221721318371295 0.971015224693448
1.92204129038151 -0.00922671066494739 0.422569513107238 -0.00922671066494739 0.592441338463265 -0.0225292267487552 0.422569513107238 -0.0225292267487552 0.971875909269573
1.94827487267817 -0.00952913972440011 0.433827113540033 -0.00952913972440011 0.586332509017095 -0.0228840309658056 0.433827113540033 -0.0228840309658056 0.972804678850331
1.97490080672057 -0.00983699669972778 0.445228736510179 -0.00983699669972778 0.580287036062341 -0.023236618514984 0.445228736510179 -0.023236618514984 0.973802297213283
2.00192480860496 -0.0101503395668117 0.456776579700119 -0.0101503395668117 0.574304264043522 -0.0235870632699223 0.456776579700119 -0.0235870632699223 0.974869540350952
2.02935267832352 -0.0104692274208367 0.468472872621625 -0.0104692274208367 0.568383544226578 -0.0239354389622812 0.468472872621625 -0.0239354389622812 0.976007196644939
