1.07340613661133 0.0345557809350928 0.00151997402204499 0.0345557809350928 0.971987331485804 0.0102677053186563 0.00151997402204499 0.0102677053186563 0.959670860850525
1.0875893584266 0.0410696035482762 0.00184292422379104 0.0410696035482762 0.967069114814391 0.0120815357699321 0.00184292422379104 0.0120815357699321 0.952454278183367
1.10199783744471 0.0476379655662968 0.0021795900318265 0.0476379655662968 0.962221110639054 0.0138737852304996 0.0021795900318265 0.0138737852304996 0.945295709242882
1.11663484829314 0.0542620091545595 0.00253002978648585 0.0542620091545595 0.957443245008395 0.0156447660275742 0.00253002978648585 0.0156447660275742 0.93819467816674
1.13150371534684 0.0609428909571638 0.00289430441642911 0.0609428909571638 0.952735452090971 0.0173947882745 0.00289430441642911 0.0173947882745 0.931150713300556
1.14660781346646 0.0676817823353886 0.00327247745956358 0.0676817823353886 0.948097674218239 0.0191241599067798 0.00327247745956358 0.0191241599067798 0.924163347162523
1.16195056874771 0.0744798696095589 0.00366461508445367 0.0744798696095589 0.943529861928841 0.020833186717974 0.00366461508445367 0.020833186717974 0.917232116408373
1.17753545928201 0.0813383543043452 0.00407078611222469 0.0813383543043452 0.939031974014235 0.022522172395481 0.00407078611222469 0.022522172395481 0.910356561796687
1.1933660159285 0.0882584533975457 0.00449106203896649 0.0882584533975457 0.934603977565664 0.0241914185561901 0.00449106203896649 0.0241914185561901 0.903536228154534
1.20944582309776 0.0952413995724104 0.00492551705864134 0.0952413995724104 0.930245848022521 0.0258412247820241 0.00492551705864134 0.0258412247820241 0.896770664343447
1.2257785195472 0.102288441473557 0.00537422808650455 0.102288441473557 0.925957569222085 0.0274718886553658 0.00537422808650455 0.0274718886553658 0.890059423225733
1.24236779918847 0.109400843966538 0.00583727478304071 0.109400843966538 0.921739133450658 0.0290837057943823 0.00583727478304071 0.0290837057943823 0.883402061631104
1.25921741190695 0.116579888401107 0.0063147395784255 0.116579888401107 0.917590541496127 0.0306769698882411 0.0063147395784255 0.0306769698882411 0.876798140323643
1.27633116439364 0.12382687287826 0.0068067076975141 0.12382687287826 0.913511802701949 0.0322519727322352 0.0068067076975141 0.0322519727322352 0.870247223969085
1.29371292098944 0.131143112521079 0.00731326718536943 0.131143112521079 0.909502935022586 0.0338090042628058 0.00731326718536943 0.0338090042628058 0.863748881102427
1.31136660454214 0.138529939749473 0.0078345089333297 0.138529939749473 0.905563965080403 0.0353483525924842 0.0078345089333297 0.0353483525924842 0.857302684095846
1.32929619727636 0.145988704558841 0.00837052670562682 0.145988704558841 0.901694928224046 0.0368703040447413 0.00837052670562682 0.0368703040447413 0.850908209126948
1.34750574167645 0.153520774802747 0.0089214171665597 0.153520774802747 0.897895868588316 0.0383751431887649 0.0089214171665597 0.0383751431887649 0.844565036147315
1.3659993413827 0.161127536479644 0.00948727990823141 0.161127536479644 0.894166839155552 0.0398631528741515 0.00948727990823141 0.0398631528741515 0.838272748851373
1.38478116210101 0.168810394023732 0.0100682174788539 0.168810394023732 0.890507901818549 0.041334614265536 0.0100682174788539 0.041334614265536 0.832030934645567
1.40385543252618 0.176570770599992 0.0106643354116318 0.176570770599992 0.886919127445021 0.0427898068771491 0.0106643354116318 0.0427898068771491 0.82583918461784
1.42322644527913 0.184410108403473 0.011275742254227 0.184410108403473 0.883400595943628 0.0442290086073139 0.011275742254227 0.0442290086073139 0.819697093507419
1.4428985578581 0.192329868962895 0.0119025495988171 0.192329868962895 0.879952396331591 0.0456524957728865 0.0119025495988171 0.0456524957728865 0.813604259674903
1.4628761936042 0.200331533448632 0.0125448721127505 0.200331533448632 0.876574626803894 0.0470605431436401 0.0125448721127505 0.0470605431436401 0.807560285072648
1.48316384268142 0.208416602985142 0.0132028275698084 0.208416602985142 0.873267394804137 0.048453423976602 0.0132028275698084 0.048453423976602 0.801564775215453
1.50376606307136 0.216586598967912 0.0138765368820792 0.216586598967912 0.870030817096984 0.0498314100503493 0.0138765368820792 0.0498314100503493 0.795617339151537
1.52468748158287 0.224843063384991 0.0145661241324557 0.224843063384991 0.866865019842319 0.0511947716992626 0.0145661241324557 0.0511947716992626 0.789717589433817
1.54593279487687 0.233187559143176 0.0152717166077612 0.233187559143176 0.863770138671035 0.0525437778477451 0.0152717166077612 0.0525437778477451 0.783865142091467
1.56750677050652 0.241621670398919 0.0159934448325119 0.241621670398919 0.860746318762553 0.0538786960444122 0.0159934448325119 0.0538786960444122 0.778059616601775
1.58941424797301 0.25014700289404 0.0167314426033269 0.25014700289404 0.857793714924052 0.0551997924962565 0.0167314426033269 0.0551997924962565 0.772300635862279
1.6116601397972 0.258765184296305 0.0174858470239895 0.258765184296305 0.854912491671427 0.0565073321027921 0.0174858470239895 0.0565073321027921 0.766587826163195
1.63424943260729 0.267477864544951 0.0182567985411736 0.267477864544951 0.852102823312021 0.057801578490183 0.0182567985411736 0.057801578490183 0.760920817160124
1.65718718824289 0.276286716201234 0.0190444409808381 0.276286716201234 0.849364894029136 0.059082794045359 0.0190444409808381 0.059082794045359 0.755299241847038
1.68047854487558 0.285193434804065 0.0198489215853037 0.285193434804065 0.846698897968346 0.0603512399501278 0.0198489215853037 0.0603512399501278 0.74972273652955
1.7041287181463 0.294199739230834 0.0206703910510158 0.294199739230834 0.844105039325637 0.061607176215284 0.0206703910510158 0.061607176215284 0.744190940798457
1.72814300231979 0.303307372063475 0.0215090035670069 0.303307372063475 0.841583532437399 0.0628508617147233 0.0215090035670069 0.0628508617147233 0.73870349750356
1.75252677145638 0.312518099959872 0.0223649168540639 0.312518099959872 0.839134601872281 0.0640825542195618 0.0223649168540639 0.0640825542195618 0.733260052727755
1.77728548060134 0.321833714030674 0.0232382922046129 0.321833714030674 0.836758482524954 0.0653025104322725 0.0232382922046129 0.0653025104322725 0.727860255761396
1.802424666992 0.331256030221609 0.0241292945233285 0.331256030221609 0.834455419711783 0.0665109860208351 0.0241292945233285 0.0665109860208351 0.722503759076929
1.82794995128307 0.34078688970138 0.025038092368479 0.34078688970138 0.832225669268446 0.0677082356529149 0.025038092368479 0.0677082356529149 0.717190218303794
1.85386703879029 0.350428159255217 0.0259648579940153 0.350428159255217 0.830069497649523 0.0688945130300631 0.0259648579940153 0.0688945130300631 0.711919292203586
1.8801817207527 0.360181731684192 0.0269097673924156 0.360181731684192 0.827987182030066 0.0700700709219563 0.0269097673924156 0.0700700709219563 0.706690642645492
1.9068998756139 0.370049526210364 0.0278730003382947 0.370049526210364 0.825979010409208 0.0712351612006691 0.0278730003382947 0.0712351612006691 0.701503934581975
1.93402747032245 0.380033488887848 0.0288547404327885 0.380033488887848 0.82404528171579 0.0723900348749919 0.0288547404327885 0.0723900348749919 0.696358836024736
1.96157056165182 0.390135593019911 0.0298551751487236 0.390135593019911 0.822186305916085 0.0735349421247987 0.0298551751487236 0.0735349421247987 0.69125501802092
1.98953529754008 0.400357839582162 0.0308744958765837 0.400357839582162 0.820402404123594 0.0746701323354656 0.0308744958765837 0.0746701323354656 0.686192154629586
2.01792791844973 0.410702257651953 0.0319128979712824 0.410702257651953 0.818693908710979 0.0757958541323478 0.0319128979712824 0.0757958541323478 0.681169922898434
2.04675475874786 0.421170904844072 0.0329705807997545 0.421170904844072 0.817061163424152 0.0769123554153233 0.0329705807997545 0.0769123554153233 0.676188002840778
2.07602224810705 0.431765867752816 0.0340477477893751 0.431765867752816 0.815504523498522 0.0780198833934032 0.0340477477893751 0.0780198833934032 0.671246077412785
2.10573691292719 0.442489262400563 0.0351446064772201 0.442489262400563 0.814024355777478 0.0791186846194161 0.0351446064772201 0.0791186846194161 0.666343832490949
