0.986087470258997 0.0462730639709464 -0.0364490561009895 0.0462730639709464 1.04406178689273 0.011104871783751 -0.0364490561009895 0.011104871783751 0.974840333468379
0.98393281300563 0.054872968529823 -0.0429279076489106 0.054872968529823 1.05260589565071 0.0129825036679138 -0.0429279076489106 0.0129825036679138 0.970450074103152
0.981901173793006 0.0635077155671295 -0.0493424943462422 0.0635077155671295 1.06129312130423 0.0148106531675574 -0.0493424943462422 0.0148106531675574 0.966129228448585
0.979992057802116 0.0721787524496289 -0.0556938910789016 0.0721787524496289 1.07012476565738 0.016589626508099 -0.0556938910789016 0.016589626508099 0.961876917801299
0.978204991186367 0.0808875313263952 -0.0619831610859475 0.0808875313263952 1.0791021535195 0.0183197213406964 -0.0619831610859475 0.0183197213406964 0.957692275681942
0.976539520972719 0.0896355093680362 -0.0682113561486279 0.0896355093680362 1.08822663290614 0.0200012268000436 -0.0682113561486279 0.0200012268000436 0.953574447678491
0.974995214966429 0.0984241490065375 -0.07437951677733 0.0984241490065375 1.09749957524385 0.0216344235606855 -0.07437951677733 0.0216344235606855 0.949522591291716
0.973571661659359 0.107254918175772 -0.0804886723964677 0.107254918175772 1.1069223755786 0.0232195838918606 -0.0804886723964677 0.0232195838918606 0.945535875782796
0.972268470141847 0.116129290552703 -0.0865398415273365 0.116129290552703 1.11649645278801 0.0247569717108831 -0.0865398415273365 0.0247569717108831 0.94161348202304
0.971085270018103 0.125048745799338 -0.0925340319689744 0.125048745799338 1.12622324979744 0.026246842635074 -0.0925340319689744 0.026246842635074 0.937754602345698
0.970021711325137 0.134014769805452 -0.0984722409770565 0.134014769805452 1.1361042337998 0.0276894440322548 -0.0984722409770565 0.0276894440322548 0.93395844039983
0.969077464455182 0.143028854932146 -0.104355455440852 0.143028854932146 1.14614089647932 0.029085015069806 -0.104355455440852 0.029085015069806 0.930224211006205
0.968252220081602 0.152092500256254 -0.110184652058284 0.152092500256254 1.15633475423921 0.0304337867623092 -0.110184652058284 0.0304337867623092 0.926551140015215
0.967545689088276 0.161207211815657 -0.115960797509118 0.161207211815657 1.16668734843319 0.0317359820177755 -0.115960797509118 0.0317359820177755 0.922938464166758
0.966957602502434 0.170374502855541 -0.121684848626307 0.170374502855541 1.1772002456011 0.0329918156824714 -0.121684848626307 0.0329918156824714 0.919385430952094
0.966487711430937 0.17959589407563 -0.127357752565526 0.17959589407563 1.18787503770842 0.0342014945843503 -0.127357752565526 0.0342014945843503 0.91589129847761
0.966135786999974 0.18887291387845 -0.132980446972933 0.18887291387845 1.19871334238988 0.0353652175751014 -0.132980446972933 0.0353652175751014 0.912455335330511
0.965901620298192 0.198207098618646 -0.138553860151176 0.198207098618646 1.20971680319715 0.0364831755708186 -0.138553860151176 0.0364831755708186 0.909076820446382
0.965785022323206 0.207599992853419 -0.144078911223675 0.207599992853419 1.22088708985066 0.0375555515913025 -0.144078911223675 0.0375555515913025 0.90575504297861
0.965785823931511 0.217053149594089 -0.149556510297222 0.217053149594089 1.23222589849553 0.0385825207980012 -0.149556510297222 0.0385825207980012 0.902489302169643
0.965903875791772 0.226568130558861 -0.154987558622915 0.226568130558861 1.24373495196178 0.0395642505305975 -0.154987558622915 0.0395642505305975 0.899278907224055
0.966139048341473 0.236146506426807 -0.160372948755451 0.236146506426807 1.25541600002866 0.0405009003422501 -0.160372948755451 0.0405009003422501 0.896123177183408
0.966491231746929 0.245789857093125 -0.165713564710825 0.245789857093125 1.26727081969337 0.041392622033498 -0.165713564710825 0.041392622033498 0.893021440802868
0.966960335866638 0.255499771925704 -0.17101028212244 0.255499771925704 1.27930121544406 0.0422395596848279 -0.17101028212244 0.0422395596848279 0.889973036429572
0.967546290217978 0.265277850023044 -0.176263968395681 0.265277850023044 1.29150901953714 0.043041849687925 -0.176263968395681 0.043041849687925 0.886977311882717
0.968249043947227 0.27512570047357 -0.181475482860945 0.27512570047357 1.30389609227907 0.043799620775595 -0.181475482860945 0.043799620775595 0.884033624335341
0.969068565802901 0.285044942616382 -0.186645676925199 0.285044942616382 1.31646432231254 0.0445129940503824 -0.186645676925199 0.0445129940503824 0.881141340197786
0.970004844112419 0.295037206303486 -0.191775394222052 0.295037206303486 1.32921562690718 0.0451820830118775 -0.191775394222052 0.0451820830118775 0.878299835002825
0.971057886762051 0.305104132163547 -0.196865470760392 0.305104132163547 1.34215195225475 0.0458069935827236 -0.196865470760392 0.0458069935827236 0.875508493292412
0.972227721180186 0.315247371867201 -0.201916735071605 0.315247371867201 1.35527527376899 0.0463878241333306 -0.201916735071605 0.0463878241333306 0.872766708506057
0.973514394323888 0.325468588393988 -0.206930008355402 0.325468588393988 1.36858759639002 0.0469246655052968 -0.206930008355402 0.0469246655052968 0.870073882870794
0.974917972668729 0.335769456300919 -0.211906104624288 0.335769456300919 1.38209095489344 0.0474176010335478 -0.211906104624288 0.0474176010335478 0.867429427292723
0.976438542201926 0.34615166199275 -0.216845830846688 0.34615166199275 1.39578741420418 0.0478667065671956 -0.216845830846688 0.0478667065671956 0.864832761250109
0.978076208418736 0.356616903993995 -0.221749987088752 0.356616903993995 1.40967906971505 0.04827205048912 -0.221749987088752 0.04827205048912 0.86228331268802
0.979831096322144 0.367166893222709 -0.226619366654887 0.367166893222709 1.4237680476102 0.0486336937342831 -0.226619366654887 0.0486336937342831 0.859780517914475
0.981703350425817 0.377803353266113 -0.231454756227013 0.377803353266113 1.43805650519334 0.0489516898067767 -0.231454756227013 0.0489516898067767 0.8573238214981
0.983693134760323 0.388528020658079 -0.236256936002582 0.388528020658079 1.45254663122097 0.049226084795603 -0.236256936002582 0.049226084795603 0.854912676167257
0.985800632882631 0.399342645158538 -0.241026679831388 0.399342645158538 1.46724064624054 0.0494569173892053 -0.241026679831388 0.0494569173892053 0.852546542710638
0.988026047888863 0.410248990034844 -0.245764755351177 0.410248990034844 1.48214080293362 0.0496442188887345 -0.245764755351177 0.0496442188887345 0.850224889879302
0.990369602430324 0.421248832345151 -0.250471924122094 0.421248832345151 1.49724938646418 0.0497880132200703 -0.250471924122094 0.0497880132200703 0.847947194290137
0.992831538732794 0.432343963223834 -0.255148941759991 0.432343963223834 1.51256871483193 0.0498883169445928 -0.255148941759991 0.0498883169445928 0.845712940330733
0.995412118619078 0.443536188169018 -0.259796558068606 0.443536188169018 1.52810113923097 0.049945139268706 -0.259796558068606 0.049945139268706 0.843521620065641
0.998111623534837 0.454827327332243 -0.264415517170651 0.454827327332243 1.5438490444135 0.0499584820521229 -0.264415517170651 0.0499584820521229 0.841372733144014
1.00093035457768 0.466219215810324 -0.269006557637827 0.466219215810324 1.55981484905901 0.0499283398149069 -0.269006557637827 0.0499283398149069 0.839265786708598
1.00386863252951 0.477713703939448 -0.273570412619784 0.477713703939448 1.57600100614868 0.0498546997432775 -0.273570412619784 0.0498546997432775 0.837200295306066
1.00692679789219 0.489312657591561 -0.278107809972053 0.489312657591561 1.59241000334524 0.0497375416941792 -0.278107809972053 0.0497375416941792 0.835175780798683
1.01010521092642 0.50101795847308 -0.282619472382974 0.50101795847308 1.60904436337833 0.0495768381986179 -0.282619472382974 0.0495768381986179 0.833191772277266
1.01340425169394 0.512831504425993 -0.28710611749964 0.512831504425993 1.62590664443535 0.0493725544637629 -0.28710611749964 0.0493725544637629 0.831247805975453
1.01682432010299 0.524755209731386 -0.29156845805288 0.524755209731386 1.64299944055787 0.0491246483738214 -0.29156845805288 0.0491246483738214 0.829343425185235
1.02036583595707 0.536791005415443 -0.296007201981297 0.536791005415443 1.66032538204377 0.0488330704896817 -0.296007201981297 0.0488330704896817 0.827478180173757
