1.0197942976695 -0.0113144152077903 -0.0437683624167322 -0.0113144152077903 0.939692614745378 -0.00102243729026912 -0.0437683624167322 -0.00102243729026912 1.04554232114669
1.02368997482354 -0.0133362295140853 -0.0521102790538139 -0.0133362295140853 0.929032241041883 -0.00115464721609196 -0.0521102790538139 -0.00115464721609196 1.05433232272236
1.0276687804642 -0.0153414205692398 -0.0605496572421942 -0.0153414205692398 0.918497391826374 -0.00126967084424564 -0.0605496572421942 -0.00126967084424564 1.06325873295111
1.03173173070873 -0.0173303314356055 -0.0690879394991146 -0.0173303314356055 0.908086600745854 -0.00136752798483807 -0.0690879394991146 -0.00136752798483807 1.07232341366032
1.03587985722042 -0.0193033031010232 -0.0777265878801874 -0.0193033031010232 0.897798418851413 -0.00144823558809738 -0.0777265878801874 -0.00144823558809738 1.08152825302661
1.04011420741106 -0.0212606745309178 -0.0864670842595275 -0.0212606745309178 0.887631414395305 -0.00151180774145953 -0.0864670842595275 -0.00151180774145953 1.09087516594109
1.04443584464646 -0.0232027827201774 -0.0953109306137242 -0.0232027827201774 0.877584172630425 -0.0015582556661797 -0.0953109306137242 -0.0015582556661797 1.10036609437989
1.048845848455 -0.0251299627448035 -0.104259649309703 -0.0251299627448035 0.867655295612186 -0.00158758771346421 -0.104259649309703 -0.00158758771346421 1.1100030077798
1.05334531473927 -0.0270425478133582 -0.113314783396538 -0.0270425478133582 0.857843402002759 -0.00159980936012043 -0.113314783396538 -0.00159980936012043 1.11978790341928
1.05793535599081 -0.0289408693182056 -0.12247789690127 -0.0289408693182056 0.848147126877637 -0.00159492320372565 -0.12247789690127 -0.00159492320372565 1.12972280680477
1.06261710150808 -0.0308252568865572 -0.131750575128777 -0.0308252568865572 0.838565121534516 -0.00157292895731084 -0.131750575128777 -0.00157292895731084 1.13980977206251
1.06739169761757 -0.0326960384313341 -0.141134424965777 -0.0326960384313341 0.829096053304453 -0.00153382344355814 -0.141134424965777 -0.00153382344355814 1.15005088233578
1.07226030789821 -0.0345535402018459 -0.150631075188995 -0.0345535402018459 0.819738605365274 -0.00147760058851074 -0.150631075188995 -0.00147760058851074 1.16044825018782
1.07722411340909 -0.0363980868343067 -0.160242176777576 -0.0363980868343067 0.810491476557211 -0.00140425141479229 -0.160242176777576 -0.00140425141479229 1.17100401801035
1.08228431292047 -0.0382300014021792 -0.16996940322979 -0.0382300014021792 0.801353381200743 -0.00131376403433371 -0.16996940322979 -0.00131376403433371 1.18172035843791
1.08744212314825 -0.0400496054663717 -0.179814450884096 -0.0400496054663717 0.792323048916615 -0.0012061236406063 -0.179814450884096 -0.0012061236406063 1.19259947476794
1.09269877899176 -0.0418572191252819 -0.189779039244624 -0.0418572191252819 0.783399224448001 -0.00108131250035708 -0.189779039244624 -0.00108131250035708 1.20364360138683
1.09805553377521 -0.0436531610647078 -0.19986491131114 -0.0436531610647078 0.7745806674848 -0.000939309944846378 -0.19986491131114 -0.000939309944846378 1.21485500420196
1.10351365949245 -0.0454377486076253 -0.210073833913561 -0.0454377486076253 0.765866152490027 -0.000780092360581543 -0.210073833913561 -0.000780092360581543 1.22623598107975
1.10907444705548 -0.0472112977638425 -0.22040759805107 -0.0472112977638425 0.75725446852829 -0.000603633179549205 -0.22040759805107 -0.000603633179549205 1.23778886228998
1.1147392065465 -0.048974123279536 -0.230868019235915 -0.048974123279536 0.748744419096314 -0.000409902868938525 -0.230868019235915 -0.000409902868938525 1.24951601095623
1.12050926747363 -0.0507265386866885 -0.241456937841945 -0.0507265386866885 0.740334821955492 -0.000198868920356289 -0.241456937841945 -0.000198868920356289 1.26141982351273
1.12638597903039 -0.0524688563524192 -0.252176219457958 -0.0524688563524192 0.732024508966452 2.95041614712423e-05 -0.252176219457958 2.95041614712423e-05 1.27350273016763
1.13237071035889 -0.0542013875282255 -0.263027755245921 -0.0542013875282255 0.723812325925599 0.00027525487051153 -0.263027755245921 0.00027525487051153 1.28576719537274
1.13846485081694 -0.0559244423991443 -0.274013462304138 -0.0559244423991443 0.715697132403613 0.000538424711756337 -0.274013462304138 0.000538424711756337 1.29821571829987
1.14466981024891 -0.0576383301328313 -0.285135284035435 -0.0576383301328313 0.707677801585906 0.00081905821407547 -0.285135284035435 0.00081905821407547 1.31085083332391
1.15098701926061 -0.0593433589285809 -0.296395190520428 -0.0593433589285809 0.699753220114965 0.0011172029435935 -0.296395190520428 0.0011172029435935 1.32367511051265
1.15741792949814 -0.061039836066281 -0.307795178895953 -0.061039836066281 0.691922287934607 0.0014329095175943 -0.307795178895953 0.0014329095175943 1.33669115612351
1.16396401393071 -0.0627280679553165 -0.319337273738718 -0.0627280679553165 0.684183918136105 0.00176623161895861 -0.319337273738718 0.00176623161895861 1.34990161310718
1.17062676713762 -0.0644083601834329 -0.331023527454277 -0.0644083601834329 0.676537036806154 0.00211722601113345 -0.331023527454277 0.00211722601113345 1.36330916161843
1.17740770559933 -0.0660810175655586 -0.342856020671365 -0.0660810175655586 0.668980582876677 0.00248595255364225 -0.342856020671365 0.00248595255364225 1.37691651953403
1.18430836799281 -0.0677463441926073 -0.354836862641701 -0.0677463441926073 0.661513507976431 0.00287247421813562 -0.354836862641701 0.00287247421813562 1.39072644297791
1.19133031549105 -0.0694046434802512 -0.366968191645319 -0.0694046434802512 0.654134776284399 0.00327685710498749 -0.366968191645319 0.00327685710498749 1.40474172685381
1.19847513206691 -0.07105621821769 -0.37925217540151 -0.07105621821769 0.64684336438496 0.00369917046044161 -0.37925217540151 0.00369917046044161 1.41896520538525
1.20574442480145 -0.0727013706164127 -0.39169101148546 -0.0727013706164127 0.63963826112479 0.00413948669431099 -0.39169101148546 0.00413948669431099 1.43339975266322
1.21313982419652 -0.0743404023589646 -0.404286927750644 -0.0743404023589646 0.6325184674715 0.00459788139823477 -0.404286927750644 0.00459788139823477 1.44804828320145
1.22066298449198 -0.0759736146477263 -0.417042182757089 -0.0759736146477263 0.625482996373976 0.00507443336449632 -0.417042182757089 0.00507443336449632 1.46291375249953
1.22831558398744 -0.0776013082537133 -0.42995906620556 -0.0776013082537133 0.61853087262441 0.00556922460540838 -0.42995906620556 0.00556922460540838 1.47799915761392
1.23609932536857 -0.0792237835654049 -0.443039899377763 -0.0792237835654049 0.611661132721987 0.00608234037326709 -0.443039899377763 0.00608234037326709 1.49330753773696
1.24401593603819 -0.0808413406376066 -0.45628703558266 -0.0808413406376066 0.604872824738244 0.00661386918088144 -0.45628703558266 0.00661386918088144 1.50884197478401
1.252067168452 -0.0824542792403616 -0.469702860608962 -0.0824542792403616 0.598165008184032 0.00716390282268164 -0.469702860608962 0.00716390282268164 1.52460559398884
1.26025480045918 -0.084062898907912 -0.483289793183905 -0.084062898907912 0.591536753878106 0.0077325363964115 -0.483289793183905 0.0077325363964115 1.54060156450731
1.26858063564789 -0.0856674989877216 -0.497050285438386 -0.0856674989877216 0.584987143817307 0.00831986832540944 -0.497050285438386 0.00831986832540944 1.55683310002961
1.27704650369563 -0.0872683786895686 -0.510986823378555 -0.0872683786895686 0.578515271048313 0.0089260003814827 -0.510986823378555 0.0089260003814827 1.57330345940104
1.28565426072471 -0.0888658371347161 -0.525101927363951 -0.0888658371347161 0.572120239540948 0.00955103770838063 -0.525101927363951 0.00955103770838063 1.59001594725145
1.29440578966273 -0.0904601734051656 -0.53939815259227 -0.0904601734051656 0.565801164063038 0.0101950888458712 -0.53939815259227 0.0101950888458712 1.60697391463359
1.30330300060821 -0.092051686593008 -0.553878089590873 -0.092051686593008 0.559557170056777 0.0108582657544259 -0.553878089590873 0.0108582657544259 1.62418075967035
1.31234783120153 -0.0936406758498756 -0.568544364715112 -0.0936406758498756 0.553387393516607 0.0115406838405198 -0.568544364715112 0.0115406838405198 1.64163992821111
1.32154224700104 -0.0952274404365027 -0.583399640653574 -0.0952274404365027 0.547290980868584 0.01224246198255 -0.583399640653574 0.01224246198255 1.65935491449727
1.33088824186461 -0.0968122797724085 -0.598446616940356 -0.0968122797724085 0.541267088851209 0.0129637225573799 -0.598446616940356 0.0129637225573799 1.6773292618371
