0.995609190769192 0.0443353457606201 0.0130977566746943 0.0443353457606201 1.00383446433771 -0.0524812866078349 0.0130977566746943 -0.0524812866078349 1.00552819120364
0.995039386352328 0.0523947559443739 0.0152504296925899 0.0523947559443739 1.0050542742477 -0.0621033439686713 0.0152504296925899 -0.0621033439686713 1.00686568965533
0.994541833158322 0.0604315025992346 0.0173255004576376 0.0604315025992346 1.00643357698861 -0.0717239991436037 0.0173255004576376 -0.0717239991436037 1.00830273468951
0.994116074635265 0.0684469202494645 0.0193233128960433 0.0684469202494645 1.00797222849767 -0.0813448499006519 0.0193233128960433 -0.0813448499006519 1.00983919129418
0.993761666514653 0.0764423368151378 0.0212441971391177 0.0764423368151378 1.00967011104491 -0.0909674904371346 0.0212441971391177 -0.0909674904371346 1.01147494066939
0.993478176709628 0.0844190738438743 0.0230884696078398 0.0844190738438743 1.01152713315361 -0.10059351164821 0.0230884696078398 -0.10059351164821 1.01320988016998
0.993265185215456 0.0923784467410061 0.0248564330949881 0.0923784467410061 1.01354322952525 -0.11022450139426 0.0248564330949881 -0.11022450139426 1.01504392325113
0.993122284012187 0.100321764998216 0.0265483768448565 0.100321764998216 1.01571836096892 -0.119862044767176 0.0265483768448565 -0.119862044767176 1.01697699941656
0.993049076969501 0.10825033242068 0.0281645766305734 0.10825033242068 1.0180525143351 -0.129507724355574 0.0281645766305734 -0.129507724355574 1.01900905416957
0.993045179753713 0.116165447352768 0.0297052948290432 0.116165447352768 1.02054570245389 -0.139163120508997 0.0297052948290432 -0.139163120508997 1.02114004896678
0.993110219736901 0.124068402902335 0.0311707804935281 0.124068402902335 1.0231979640776 -0.148829811601151 0.0311707804935281 -0.148829811601151 1.02336996117449
0.993243835908163 0.131960487163635 0.0325612694238844 0.131960487163635 1.02600936382772 -0.158509374292208 0.0325612694238844 -0.158509374292208 1.0256987840279
0.993445678786969 0.139842983438923 0.0338769842344753 0.139842983438923 1.02897999214621 -0.168203383790242 0.0338769842344753 -0.168203383790242 1.02812652659284
0.99371541033858 0.147717170458749 0.0351181344197707 0.147717170458749 1.03210996525115 -0.177913414111813 0.0351181344197707 -0.177913414111813 1.0306532137303
0.994052703891545 0.155584322601011 0.036284916417655 0.155584322601011 1.03539942509665 -0.187641038341778 0.036284916417655 -0.187641038341778 1.03327888606352
0.994457244057221 0.163445710108796 0.0373775136704572 0.163445710108796 1.0388485393371 -0.197387828892341 0.0373775136704572 -0.197387828892341 1.03600359994781
0.99492872665133 0.171302599307039 0.0383960966837141 0.171302599307039 1.04245750129568 -0.207155357761405 0.0383960966837141 -0.207155357761405 1.03882742744297
0.995466858617513 0.179156252818057 0.0393408230826884 0.179156252818057 1.04622652993712 -0.216945196790273 0.0393408230826884 -0.216945196790273 1.04175045628828
0.99607135795288 0.187007929775978 0.0402118376666516 0.187007929775978 1.05015586984474 -0.22675891792072 0.0402118376666516 -0.22675891792072 1.04477278988025
0.996741953635524 0.194858886040107 0.0410092724609485 0.194858886040107 1.05424579120168 -0.236598093451503 0.0410092724609485 -0.236598093451503 1.04789454725277
0.997478385554 0.202710374407275 0.041733246766849 0.202710374407275 1.05849658977639 -0.24646429629434 0.041733246766849 -0.24646429629434 1.05111586306009
0.998280404438738 0.210563644823202 0.0423838672092163 0.210563644823202 1.06290858691233 -0.256359100229403 0.0423838672092163 -0.256359100229403 1.05443688756216
0.999147771795385 0.2184199445929 0.0429612277819849 0.2184199445929 1.0674821295218 -0.266284080160367 0.0429612277819849 -0.266284080160367 1.05785778661272
1.00008025984004 0.226280518590174 0.0434654098914762 0.226280518590174 1.07221759008408 -0.276240812369059 0.0434654098914762 -0.276240812369059 1.06137874164989
1.00107765143642 0.234146609466241 0.0438964823975566 0.234146609466241 1.07711536664764 -0.286230874769753 0.0438964823975566 -0.286230874769753 1.0649999496893
1.00213974003486 0.242019457857511 0.0442545016526503 0.242019457857511 1.08217588283656 -0.296255847163144 0.0442545016526503 -0.296255847163144 1.06872162331985
1.00326632961319 0.249900302592558 0.0445395115386194 0.249900302592558 1.08739958786113 -0.306317311490053 0.0445395115386194 -0.306317311490053 1.07254399070193
1.00445723461952 0.257790380898331 0.0447515435015228 0.257790380898331 1.09278695653256 -0.3164168520849 0.0447515435015228 -0.3164168520849 1.07646729556828
1.00571227991675 0.265690928605616 0.0448906165842601 0.265690928605616 1.09833848928187 -0.326556055928984 0.0448906165842601 -0.326556055928984 1.08049179722731
1.00703130072903 0.273603180353817 0.0449567374571177 0.273603180353817 1.10405471218289 -0.336736512903622 0.0449567374571177 -0.336736512903622 1.084617770569
1.00841414258992 0.281528369795058 0.0449499004462208 0.281528369795058 1.10993617697942 -0.346959816043178 0.0449499004462208 -0.346959816043178 1.08884550607328
1.00986066129243 0.28946772979767 0.0448700875599037 0.28946772979767 1.11598346111652 -0.357227561788028 0.0448700875599037 -0.357227561788028 1.09317530982102
1.01137072284083 0.297422492649069 0.0447172685130038 0.297422492649069 1.12219716777589 -0.367541350237503 0.0447172685130038 -0.367541350237503 1.09760750350744
1.01294420340416 0.305393890258089 0.0444914007490991 0.305393890258089 1.1285779259154 -0.377902785402851 0.0444914007490991 -0.377902785402851 1.1021424244581
1.01458098927165 0.313383154356778 0.0441924294606794 0.313383154356778 1.13512639031273 -0.388313475460257 0.0441924294606794 -0.388313475460257 1.10678042564736
1.01628097680971 0.321391516701709 0.0438202876072744 0.321391516701709 1.1418432416131 -0.398775033003966 0.0438202876072744 -0.398775033003966 1.11152187571943
1.01804407242084 0.329420209274834 0.0433748959315416 0.329420209274834 1.14872918638119 -0.409289075299547 0.0433748959315416 -0.409289075299547 1.11636715901182
1.01987019250413 0.337470464483909 0.0428561629733209 0.337470464483909 1.15578495715706 -0.419857224537339 0.0428561629733209 -0.419857224537339 1.12131667558138
1.02175926341756 0.345543515362537 0.0422639850816579 0.345543515362537 1.16301131251628 -0.430481108086124 0.0422639850816579 -0.430481108086124 1.12637084123279
1.02371122144199 0.353640595769848 0.0415982464248137 0.353640595769848 1.17040903713412 -0.441162358747062 0.0415982464248137 -0.441162358747062 1.1315300875496
1.02572601274682 0.361762940589862 0.0408588189982582 0.361762940589862 1.17797894185386 -0.451902615007932 0.0408588189982582 -0.451902615007932 1.13679486192775
1.02780359335737 0.369911785930557 0.0400455626306562 0.369911785930557 1.18572186375925 -0.462703521297723 0.0400455626306562 -0.462703521297723 1.14216562761157
1.02994392912395 0.378088369322683 0.0391583249878499 0.378088369322683 1.193638666251 -0.473566728241606 0.0391583249878499 -0.473566728241606 1.14764286373234
1.03214699569259 0.386293929918358 0.0381969415748471 0.386293929918358 1.20173023912754 -0.484493892916343 0.0381969415748471 -0.484493892916343 1.15322706534928
1.0344127784774 0.394529708689462 0.0371612357358155 0.394529708689462 1.20999749866973 -0.495486679106153 0.0371612357358155 -0.495486679106153 1.15891874349311
1.03674127263464 0.402796948625886 0.0360510186520914 0.402796948625886 1.21844138772984 -0.5065467575591 0.0360510186520914 -0.5065467575591 1.16471842521209
1.03913248303841 0.411096894933645 0.0348660893382029 0.411096894933645 1.22706287582456 -0.517675806244021 0.0348660893382029 -0.517675806244021 1.17062665362057
1.04158642425795 0.41943079523291 0.0336062346359133 0.41943079523291 1.23586295923226 -0.528875510608051 0.0336062346359133 -0.528875510608051 1.17664398795003
1.04410312053667 0.427799899755968 0.0322712292062962 0.427799899755968 1.24484266109427 -0.540147563834778 0.0322712292062962 -0.540147563834778 1.18277100360263
1.04668260577267 0.436205461545169 0.0308608355198245 0.436205461545169 1.25400303152043 -0.551493667103069 0.0308608355198245 -0.551493667103069 1.18900829220737
