1.01590213152246 -0.0022358456025975 -0.0621726030125626 -0.0022358456025975 0.980746992936571 -0.0295300094026443 -0.0621726030125626 -0.0295300094026443 1.00837782798011
1.01926697640406 -0.0024459345126467 -0.073739576422924 -0.0024459345126467 0.977347661917641 -0.0348994948222332 -0.073739576422924 -0.0348994948222332 1.01043611656207
1.02277174767832 -0.00259389392616416 -0.0853571924566554 -0.00259389392616416 0.973990136972839 -0.0402543745191204 -0.0853571924566554 -0.0402543745191204 1.01265718690925
1.02641735108204 -0.00267974957756081 -0.097027435303897 -0.00267974957756081 0.970674152321445 -0.0455955633418917 -0.097027435303897 -0.0455955633418917 1.01504172530286
1.0302047172093 -0.0027035167614709 -0.108752301619127 -0.0027035167614709 0.967399448161887 -0.0509239754772933 -0.108752301619127 -0.0509239754772933 1.01759044630766
1.03413480171195 -0.00266520031620275 -0.120533800874482 -0.00266520031620275 0.964165770640682 -0.0562405246003607 -0.120533800874482 -0.0562405246003607 1.02030409294299
1.03820858550461 -0.00256479460542522 -0.132373955715853 -0.00256479460542522 0.960972871822288 -0.0615461240247438 -0.132373955715853 -0.0615461240247438 1.02318343685875
1.04242707497431 -0.00240228349809518 -0.144274802321833 -0.00240228349809518 0.957820509659886 -0.0668416868532542 -0.144274802321833 -0.0668416868532542 1.02622927851653
1.04679130219458 -0.00217764034660031 -0.156238390765564 -0.00217764034660031 0.954708447967073 -0.072128126128655 -0.156238390765564 -0.072128126128655 1.0294424473758
1.05130232514438 -0.00189082796313333 -0.168266785379562 -0.00189082796313333 0.951636456390476 -0.0774063549847247 -0.168266785379562 -0.0774063549847247 1.03282380208521
1.05596122793153 -0.00154179859426698 -0.180362065123578 -0.00154179859426698 0.948604310383271 -0.0826772867976153 -0.180362065123578 -0.0826772867976153 1.03637423067917
1.06076912102107 -0.00113049389374112 -0.19252632395557 -0.00113049389374112 0.945611791179628 -0.0879418353375344 -0.19252632395557 -0.0879418353375344 1.04009465077952
1.06572714146821 -0.000656844893447112 -0.204761671205839 -0.000656844893447112 0.942658685770034 -0.0932009149207746 -0.204761671205839 -0.0932009149207746 1.04398600980263
1.07083645315625 -0.000120771972593303 -0.217070231954415 -0.000120771972593303 0.939744786877548 -0.0984554405621179 -0.217070231954415 -0.0984554405621179 1.04804928517164
1.07609824703934 0.000477815174939389 -0.229454147411745 0.000477815174939389 0.936869892934942 -0.103706328127635 -0.229454147411745 -0.103706328127635 1.05228548453422
1.08151374139015 0.00113901757507688 -0.241915575302762 0.00113901757507688 0.934033808062754 -0.108954494487917 -0.241915575302762 -0.108954494487917 1.0566956459856
1.08708418205254 0.00186294700987061 -0.254456690254402 0.00186294700987061 0.931236342048226 -0.114200857671755 -0.254456690254402 -0.114200857671755 1.06128083829716
1.09281084269925 0.00264972605565374 -0.267079684186636 0.00264972605565374 0.928477310325145 -0.119446337020295 -0.267079684186636 -0.119446337020295 1.06604216115043
1.09869502509469 0.00349948812306719 -0.279786766707099 0.00349948812306719 0.925756533954587 -0.124691853341707 -0.279786766707099 -0.124691853341707 1.07098074537671
1.1047380593628 0.0044123774989428 -0.292580165509374 0.0044123774989428 0.923073839606536 -0.12993832906637 -0.292580165509374 -0.12993832906637 1.07609775320222
1.11094130426025 0.00538854939006705 -0.305462126775009 0.00538854939006705 0.920429059542414 -0.13518668840263 -0.305462126775009 -0.13518668840263 1.08139437849897
1.11730614745467 0.00642816996883623 -0.31843491557935 0.00642816996883623 0.917822031598482 -0.140437857493132 -0.31843491557935 -0.140437857493132 1.08687184704129
1.12383400580838 0.0075314164208027 -0.331500816301248 0.0075314164208027 0.915252599170151 -0.145692764571766 -0.331500816301248 -0.145692764571766 1.09253141676808
1.13052632566735 0.00869847699414185 -0.344662133036728 0.00869847699414185 0.912720611197169 -0.150952340121255 -0.344662133036728 -0.150952340121255 1.09837437805095
1.13738458315562 0.00992955105103309 -0.357921190016684 0.00992955105103309 0.910225922149693 -0.156217517031403 -0.357921190016684 -0.156217517031403 1.10440205396819
1.14441028447522 0.0112248491209807 -0.371280332028695 0.0112248491209807 0.907768392015264 -0.161489230758039 -0.371280332028695 -0.161489230758039 1.1106158005846
1.15160496621152 0.0125845929560768 -0.384741924843013 0.0125845929560768 0.905347886286648 -0.166768419482683 -0.384741924843013 -0.166768419482683 1.11701700723739
1.15897019564433 0.0140090155882298 -0.398308355642829 0.0140090155882298 0.902964275950581 -0.172056024272957 -0.398308355642829 -0.172056024272957 1.12360709682806
1.16650757106453 0.0154983613883596 -0.411982033458876 0.0154983613883596 0.900617437477389 -0.177352989243774 -0.411982033458876 -0.177352989243774 1.13038752612039
1.17421872209643 0.0170528861275833 -0.425765389608458 0.0170528861275833 0.898307252811504 -0.182660261719334 -0.425765389608458 -0.182660261719334 1.13735978604457
1.182105310026 0.0186728570403997 -0.439660878138981 0.0186728570403997 0.896033609362847 -0.187978792395946 -0.439660878138981 -0.187978792395946 1.1445254020076
1.19016902813487 0.0203585528898847 -0.453670976276078 0.0203585528898847 0.893796399999131 -0.193309535505719 -0.453670976276078 -0.193309535505719 1.15188593420985
1.19841160204024 0.0221102640349239 -0.467798184876396 0.0221102640349239 0.89159552303901 -0.198653448981138 -0.467798184876396 -0.198653448981138 1.15944297796816
1.20683479004082 0.0239282924994787 -0.48204502888514 0.0239282924994787 0.889430882246149 -0.204011494620557 -0.48204502888514 -0.204011494620557 1.16719816404513
1.21544038346879 0.0258129520439178 -0.496414057798449 0.0258129520439178 0.887302386824163 -0.209384638254649 -0.496414057798449 -0.209384638254649 1.17515315898504
1.22423020704787 0.0277645682384232 -0.510907846130706 0.0277645682384232 0.885209951412452 -0.21477384991382 -0.510907846130706 -0.21477384991382 1.18330966545629
1.23320611925762 0.0297834785384819 -0.525528993886845 0.0297834785384819 0.883153496082925 -0.220180103996641 -0.525528993886845 -0.220180103996641 1.19166942260034
1.24237001270394 0.0318700323624921 -0.540280127039761 0.0318700323624921 0.881132946337612 -0.225604379439309 -0.540280127039761 -0.225604379439309 1.20023420638753
1.25172381449596 0.0340245911714829 -0.555163898012907 0.0340245911714829 0.879148233107174 -0.23104765988618 -0.555163898012907 -0.23104765988618 1.20900582997945
1.26126948662933 0.0362475285509887 -0.570182986168162 0.0362475285509887 0.877199292750301 -0.236510933861391 -0.570182986168162 -0.236510933861391 1.21798614409828
1.27100902637594 0.038539230295066 -0.585340098299064 0.038539230295066 0.875286067054004 -0.241995194941619 -0.585340098299064 -0.241995194941619 1.22717703740296
1.28094446668028 0.0409000944925017 -0.600637969129504 0.0409000944925017 0.873408503234815 -0.247501441929988 -0.600637969129504 -0.247501441929988 1.23658043687239
1.29107787656237 0.0433305316152048 -0.616079361817969 0.0433305316152048 0.871566553940868 -0.25303067903117 -0.616079361817969 -0.25303067903117 1.24619830819558
1.30141136152746 0.0458309646088167 -0.631667068467419 0.0458309646088167 0.869760177254898 -0.258583916027703 -0.631667068467419 -0.258583916027703 1.25603265616905
1.31194706398249 0.0484018289855529 -0.647403910640917 0.0484018289855529 0.867989336698135 -0.264162168457564 -0.647403910640917 -0.264162168457564 1.26608552510138
1.32268716365945 0.051043572919298 -0.663292739883084 0.051043572919298 0.8662540012351 -0.269766457793017 -0.663292739883084 -0.269766457793017 1.27635899922503
1.33363387804568 0.0537566573429707 -0.679336438247483 0.0537566573429707 0.864554145279314 -0.27539781162079 -0.679336438247483 -0.27539781162079 1.28685520311556
1.34478946282124 0.0565415560481796 -0.695537918830041 0.0565415560481796 0.862889748699919 -0.281057263823578 -0.695537918830041 -0.281057263823578 1.29757630211831
1.35615621230343 0.059398755787199 -0.711900126308592 0.059398755787199 0.861260796829206 -0.286745854762948 -0.711900126308592 -0.286745854762948 1.3085245027826
1.36773645989844 0.0623287563772681 -0.728426037488656 0.0623287563772681 0.859667280471064 -0.29246463146364 -0.728426037488656 -0.29246463146364 1.31970205330356
