1.0183925560887 0.0133529265418009 0.0499370517308987 0.0133529265418009 0.960544060386476 -0.0327471025511709 0.0499370517308987 -0.0327471025511709 1.02607118110465
1.02209470817338 0.0155953429702258 0.0592954537263666 0.0155953429702258 0.953607515210721 -0.0386369821850145 0.0592954537263666 -0.0386369821850145 1.03131675928972
1.02589907063845 0.0177735076443476 0.0687155675711531 0.0177735076443476 0.946764542555683 -0.0444905896778857 0.0687155675711531 -0.0444905896778857 1.03670647227064
1.02980635769296 0.0198877891625003 0.0781989868002108 0.0198877891625003 0.940014055391157 -0.050308915370514 0.0781989868002108 -0.050308915370514 1.04224130238556
1.03381730118041 0.0219385454989874 0.0877473162959984 0.0219385454989874 0.933354981806494 -0.056092944065307 0.0877473162959984 -0.056092944065307 1.04792225683791
1.03793265070952 0.0239261240599605 0.0973621725637318 0.0239261240599605 0.926786264836295 -0.0618436551900041 0.0973621725637318 -0.0618436551900041 1.05375036787665
1.04215317378806 0.025850861737533 0.107045184008714 0.025850861737533 0.920306862288553 -0.0675620229604995 0.107045184008714 -0.0675620229604995 1.05972669298071
1.04647965595968 0.0277130849621485 0.116797991215782 0.0277130849621485 0.913915746575216 -0.0732490165428479 0.116797991215782 -0.0732490165428479 1.06585231504788
1.05091290094394 0.0295131097532087 0.126622247230927 0.0295131097532087 0.907611904545134 -0.0789056002144918 0.126622247230927 -0.0789056002144918 1.07212834258795
1.05545373077939 0.0312512417679651 0.136519617845134 0.0312512417679651 0.901394337319372 -0.0845327335247299 0.136519617845134 -0.0845327335247299 1.07855590992036
1.06010298596982 0.0329277763486863 0.146491781880486 0.0329277763486863 0.89526206012886 -0.0901313714544593 0.146491781880486 -0.0901313714544593 1.08513617737617
1.06486152563368 0.0345429985681073 0.156540431478583 0.0345429985681073 0.889214102154353 -0.0957024645752124 0.156540431478583 -0.0957024645752124 1.0918703315046
1.06973022765673 0.036097183273166 0.166667272391337 0.036097183273166 0.883249506368671 -0.101246959207515 0.166667272391337 -0.101246959207515 1.09875958528399
1.07470998884783 0.0375905951270332 0.176874024274168 0.0375905951270332 0.877367329381201 -0.106765797578603 0.176874024274168 -0.106765797578603 1.10580517833738
1.07980172509811 0.0390234886494478 0.187162420981682 0.0390234886494478 0.871566641284634 -0.112259917979504 0.187162420981682 -0.112259917979504 1.11300837715262
1.08500637154333 0.0403961082553558 0.197534210865851 0.0403961082553558 0.865846525503904 -0.117730254921532 0.197534210865851 -0.117730254921532 1.1203704753071
1.09032488272957 0.0417086882918635 0.207991157076778 0.0417086882918635 0.860206078647314 -0.123177739292204 0.207991157076778 -0.123177739292204 1.12789279369717
1.09575823278229 0.0429614530735112 0.218535037866068 0.0429614530735112 0.854644410359824 -0.128603298510613 0.218535037866068 -0.128603298510613 1.13557668077225
1.10130741557871 0.0441546169158675 0.229167646892878 0.0441546169158675 0.849160643178468 -0.134007856682283 0.229167646892878 -0.134007856682283 1.14342351277367
1.10697344492368 0.0452883841674543 0.239890793532696 0.0452883841674543 0.843753912389887 -0.139392334753532 0.239890793532696 -0.139392334753532 1.1514346939783
1.11275735472887 0.0463629492400072 0.250706303188892 0.0463629492400072 0.838423365889956 -0.144757650665361 0.250706303188892 -0.144757650665361 1.15961165694701
1.1186601991955 0.0473784966370675 0.261616017607102 0.0473784966370675 0.833168164045466 -0.150104719506908 0.261616017607102 -0.150104719506908 1.16795586277802
1.12468305300056 0.048335200980928 0.272621795192507 0.048335200980928 0.827987479557859 -0.155434453668482 0.272621795192507 -0.155434453668482 1.1764688013651
1.13082701148652 0.049233227037909 0.283725511330038 0.049233227037909 0.82288049732898 -0.160747762994212 0.283725511330038 -0.160747762994212 1.18515199166085
1.13709319085464 0.0500727297419985 0.294929058707592 0.0500727297419985 0.817846414328828 -0.166045554934317 0.294929058707592 -0.166045554934317 1.19400698194485
1.14348272836187 0.0508538542168363 0.306234347642292 0.0508538542168363 0.812884439465296 -0.171328734697058 0.306234347642292 -0.171328734697058 1.20303535009697
1.14999678252137 0.0515767357960564 0.317643306409856 0.0515767357960564 0.807993793455848 -0.176598205400355 0.317643306409856 -0.176598205400355 1.21223870387573
1.15663653330672 0.0522415000419882 0.329157881577136 0.0522415000419882 0.803173708701156 -0.181854868223127 0.329157881577136 -0.181854868223127 1.22161868120185
1.16340318235976 0.0528482627627196 0.340780038337868 0.0528482627627196 0.79842342916063 -0.187099622556368 0.340780038337868 -0.187099622556368 1.23117695044695
1.1702979532023 0.0533971300275202 0.352511760851723 0.0533971300275202 0.793742210229868 -0.192333366153983 0.352511760851723 -0.192333366153983 1.24091521072756
1.1773220914515 0.0538881981806324 0.364355052586672 0.0538881981806324 0.789129318619957 -0.197556995283411 0.364355052586672 -0.197556995283411 1.25083519220442
1.18447686503906 0.0543215538534289 0.376311936664767 0.0543215538534289 0.784584032238652 -0.202771404876061 0.376311936664767 -0.202771404876061 1.26093865638708
1.19176356443436 0.0546972739749381 0.388384456211376 0.0546972739749381 0.780105640073376 -0.207977488677586 0.388384456211376 -0.207977488677586 1.27122739644403
1.19918350287139 0.0550154257807355 0.400574674707928 0.0550154257807355 0.77569344207605 -0.213176139398028 0.400574674707928 -0.213176139398028 1.28170323751815
1.20673801657969 0.055276066820212 0.412884676348252 0.055276066820212 0.771346749049714 -0.218368248861831 0.412884676348252 -0.218368248861831 1.29236803704782
1.21442846501917 0.0554792449622058 0.42531656639854 0.0554792449622058 0.767064882536935 -0.223554708157795 0.42531656639854 -0.223554708157795 1.30322368509352
1.22225623111905 0.0556249983990082 0.437872471561025 0.0556249983990082 0.762847174709977 -0.228736407788948 0.437872471561025 -0.228736407788948 1.3142721046701
1.2302227215208 0.055713355648742 0.450554540341421 0.055713355648742 0.758692968262712 -0.233914237822389 0.450554540341421 -0.233914237822389 1.32551525208471
1.23832936682517 0.0557443355561051 0.463364943420189 0.0557443355561051 0.754601616304263 -0.239089088039124 0.463364943420189 -0.239089088039124 1.33695511728053
1.24657762184336 0.0557179472914902 0.476305874027699 0.0557179472914902 0.75057248225436 -0.244261848083913 0.476305874027699 -0.244261848083913 1.34859372418631
1.25496896585244 0.0556341903484688 0.489379548323352 0.0556341903484688 0.746604939740386 -0.249433407615157 0.489379548323352 -0.249433407615157 1.36043313107172
1.26350490285492 0.0554930545396456 0.502588205778725 0.0554930545396456 0.742698372496097 -0.254604656454851 0.502588205778725 -0.254604656454851 1.37247543090872
1.27218696184263 0.0552945199908806 0.5159341095648 0.0552945199908806 0.738852174262011 -0.259776484738627 0.5159341095648 -0.259776484738627 1.38472275173888
1.28101669706494 0.0550385571338708 0.529419546943361 0.0550385571338708 0.735065748687434 -0.264949783065915 0.529419546943361 -0.264949783065915 1.39717725704678
1.28999568830131 0.0547251266971037 0.543046829662605 0.0547251266971037 0.731338509234123 -0.270125442650242 0.543046829662605 -0.270125442650242 1.40984114613954
1.2991255411383 0.0543541796951614 0.556818294357052 0.0543541796951614 0.727669879081554 -0.275304355469702 0.556818294357052 -0.275304355469702 1.42271665453256
1.30840788725101 0.0539256574163928 0.570736302951818 0.0539256574163928 0.724059291033792 -0.280487414417613 0.570736302951818 -0.280487414417613 1.43580605434148
1.31784438468907 0.0534394914089318 0.584803243071319 0.0534394914089318 0.720506187427944 -0.285675513453392 0.584803243071319 -0.285675513453392 1.44911165468052
1.32743671816714 0.0528956034650789 0.599021528452474 0.0528956034650789 0.717010020044181 -0.290869547753682 0.599021528452474 -0.290869547753682 1.46263580206725
1.3371865993601 0.0522939056040211 0.613393599362489 0.0522939056040211 0.71357025001731 -0.296070413863734 0.613393599362489 -0.296070413863734 1.4763808808337
