0.955324810719717 -0.00965743571225237 0.0495577202630864 -0.00965743571225237 0.995869977385501 0.00527976542612356 0.0495577202630864 0.00527976542612356 1.05381291799843
0.947619158058293 -0.011350199690967 0.0586964674023798 -0.011350199690967 0.99512669315475 0.00622524211102363 0.0586964674023798 0.00622524211102363 1.06427297972906
0.940065544882553 -0.0130185316246449 0.0678503098712977 -0.0130185316246449 0.994388013404662 0.00716358483287185 0.0678503098712977 0.00716358483287185 1.07491629323908
0.932662762771393 -0.014662713779635 0.0770207961660584 -0.014662713779635 0.993653882817532 0.00809495233953999 0.0770207961660584 0.00809495233953999 1.08574472836156
0.925409628225351 -0.0162830244640077 0.086209478228536 -0.0162830244640077 0.99292424679173 0.0090195022674183 0.086209478228536 0.0090195022674183 1.09676018690401
0.918304982477443 -0.0178797380728302 0.0954179117092585 -0.0178797380728302 0.9921990514328 0.00993739116752555 0.0954179117092585 0.00993739116752555 1.10796460298215
0.911347691308079 -0.0194531251327968 0.104647656231138 -0.0194531251327968 0.991478243544686 0.0108487745314467 0.104647656231138 0.0108487745314467 1.11935994335925
0.904536644864044 -0.0210034523462295 0.113900275653984 -0.0210034523462295 0.990761770621059 0.0117538068171034 0.113900275653984 0.0117538068171034 1.13094820779112
0.897870757481509 -0.0225309826344493 0.123177338339833 -0.0225309826344493 0.990049580836772 0.0126526414743601 0.123177338339833 0.0126526414743601 1.14273142937681
0.891348967513047 -0.02403597518053 0.132480417419157 -0.02403597518053 0.989341623039412 0.0135454309704717 0.132480417419157 0.0135454309704717 1.15471167491505
0.884970237158629 -0.0255186854714393 0.141811091057973 -0.0255186854714393 0.988637846740968 0.014432326815376 0.141811091057973 0.014432326815376 1.16689104526653
0.878733552300559 -0.0269793653395721 0.151170942725924 -0.0269793653395721 0.987938202109616 0.0153134795868337 0.151170942725924 0.0153134795868337 1.17927167572209
0.87263792234235 -0.0284182630036906 0.160561561465355 -0.0284182630036906 0.98724263996159 0.0161890389554242 0.160561561465355 0.0161890389554242 1.19185573637685
0.866682380051471 -0.0298356231092645 0.169984542161446 -0.0298356231092645 0.986551111753181 0.0170591537093969 0.169984542161446 0.0170591537093969 1.20464543251032
0.860865981406001 -0.031231686768232 0.179441485813439 -0.031231686768232 0.985863569572829 0.0179239717793852 0.179441485813439 0.0179239717793852 1.2176430049727
0.855187805445098 -0.0326066915981803 0.188933999807004 -0.0326066915981803 0.985179966133316 0.0187836402629848 0.188933999807004 0.0187836402629848 1.23085073057722
0.849646954123321 -0.0339608717609494 0.198463698187804 -0.0339608717609494 0.984500254764075 0.0196383054492039 0.198463698187804 0.0196383054492039 1.24427092249877
0.844242552168731 -0.0352944580006749 0.208032201936283 -0.0352944580006749 0.983824389403579 0.0204881128427844 0.208032201936283 0.0204881128427844 1.25790593067883
0.838973746944793 -0.036607677681267 0.217641139243747 -0.036607677681267 0.983152324591851 0.0213332071884047 0.217641139243747 0.0213332071884047 1.27175814223671
0.833839708316014 -0.0379007548233372 0.227292145789767 -0.0379007548233372 0.982484015463052 0.0221737324947597 0.227292145789767 0.0221737324947597 1.28582998188727
0.828839628517339 -0.0391739101405746 0.236986865020966 -0.0391739101405746 0.981819417738185 0.0230098320585311 0.236986865020966 0.0230098320585311 1.30012391236517
0.82397272202725 -0.0404273610755809 0.246726948431222 -0.0404273610755809 0.981158487717881 0.0238416484882452 0.246726948431222 0.0238416484882452 1.31464243485562
0.819238225444566 -0.0416613218351714 0.256514055843351 -0.0416613218351714 0.980501182275288 0.0246693237280247 0.256514055843351 0.0246693237280247 1.32938808943187
0.814635397368916 -0.0428760034251409 0.266349855692304 -0.0428760034251409 0.979847458849043 0.025492999081239 0.266349855692304 0.025492999081239 1.34436345549941
0.81016351828488 -0.0440716136845058 0.276236025309935 -0.0440716136845058 0.979197275436355 0.026312815234057 0.276236025309935 0.026312815234057 1.35957115224696
0.805821890449764 -0.0452483573192305 0.286174251211393 -0.0452483573192305 0.978550590586157 0.0271289122789028 0.286174251211393 0.0271289122789028 1.3750138391044
0.801609837784995 -0.0464064359354323 0.296166229383165 -0.0464064359354323 0.977907363392365 0.0279414297378247 0.296166229383165 0.0279414297378247 1.3906942162076
0.797526705771135 -0.0475460480720854 0.306213665572848 -0.0475460480720854 0.977267553487221 0.028750506585774 0.306213665572848 0.028750506585774 1.40661502487038
0.793571861346468 -0.0486673892332155 0.316318275580682 -0.0486673892332155 0.976631121034716 0.0295562812738054 0.316318275580682 0.0295562812738054 1.42277904806358
0.789744692809182 -0.0497706519195986 0.326481785552897 -0.0497706519195986 0.975998026724119 0.0303588917521942 0.326481785552897 0.0303588917521942 1.43918911090128
0.786044609723088 -0.0508560256599683 0.33670593227692 -0.0508560256599683 0.975368231763565 0.0311584754934824 0.33670593227692 0.0311584754934824 1.45584808113447
0.782471042826904 -0.0519236970417311 0.346992463478511 -0.0519236970417311 0.974741697873757 0.0319551695154509 0.346992463478511 0.0319551695154509 1.47275886965194
0.779023443947061 -0.0529738497412024 0.35734313812085 -0.0529738497412024 0.974118387281728 0.0327491104040279 0.35734313812085 0.0327491104040279 1.48992443098881
0.775701285914025 -0.0540066645533619 0.367759726705653 -0.0540066645533619 0.973498262714697 0.0335404343361299 0.367759726705653 0.0335404343361299 1.50734776384247
0.772504062482132 -0.0550223194211382 0.378244011576353 -0.0550223194211382 0.972881287394008 0.034329277102446 0.378244011576353 0.034329277102446 1.52503191159633
0.769431288252916 -0.0560209894642205 0.3887977872234 -0.0560209894642205 0.972267425029145 0.0351157741301666 0.3887977872234 0.0351157741301666 1.54297996285119
0.766482498601905 -0.0570028470074123 0.39942286059174 -0.0570028470074123 0.971656639811827 0.0359000605056585 0.39942286059174 0.0359000605056585 1.56119505196455
0.763657249608905 -0.0579680616085196 0.410121051390512 -0.0579680616085196 0.971048896410183 0.0366822709970931 0.410121051390512 0.0366822709970931 1.57968035959776
0.760955117991746 -0.0589168000857889 0.420894192405038 -0.0589168000857889 0.970444159963012 0.0374625400770305 0.420894192405038 0.0374625400770305 1.5984391132713
0.758375701043455 -0.0598492265448931 0.431744129811127 -0.0598492265448931 0.969842396074104 0.0382410019449619 0.431744129811127 0.0382410019449619 1.61747458792808
0.755918616572905 -0.0607655024054699 0.442672723491788 -0.0607655024054699 0.96924357080665 0.0390177905498173 0.442672723491788 0.0390177905498173 1.63679010650509
0.753583502848868 -0.0616657864272221 0.45368184735636 -0.0616657864272221 0.968647650677726 0.0397930396124378 0.45368184735636 0.0397930396124378 1.65638904051327
0.751370018547507 -0.0625502347355762 0.464773389662162 -0.0625502347355762 0.968054602652844 0.040566882648021 0.464773389662162 0.040566882648021 1.67627481062583
0.749277842703291 -0.0634190008469104 0.475949253338675 -0.0634190008469104 0.967464394140585 0.0413394529885395 0.475949253338675 0.0413394529885395 1.69645088727517
0.747306674663307 -0.0642722356933528 0.487211356314342 -0.0642722356933528 0.966876992987297 0.0421108838051381 0.487211356314342 0.0421108838051381 1.71692079125833
0.745456234044987 -0.0651100876471527 0.498561631846029 -0.0651100876471527 0.966292367471869 0.0428813081305146 0.498561631846029 0.0428813081305146 1.73768809435124
0.743726260697227 -0.0659327025446339 0.5100020288512 -0.0659327025446339 0.965710486300576 0.0436508588812839 0.5100020288512 0.0436508588812839 1.75875641993181
0.742116514664911 -0.066740223709726 0.521534512242881 -0.066740223709726 0.96513131860199 0.0444196688803338 0.521534512242881 0.0444196688803338 1.78012944361198
0.740626776156809 -0.0675327919770858 0.533161063267443 -0.0675327919770858 0.964554833921966 0.0451878708791739 0.533161063267443 0.0451878708791739 1.80181089387879
0.739256845516876 -0.0683105457148067 0.54488367984529 -0.0683105457148067 0.963981002218688 0.0459555975802804 0.54488367984529 0.0459555975802804 1.82380455274471
