1.00978989417654 0.0178769716874804 0.0569599176404493 0.0178769716874804 0.964506562593794 0.0224199729014594 0.0569599176404493 0.0224199729014594 1.03077331027639
1.01198009748899 0.0212465839102947 0.0677077947141312 0.0212465839102947 0.958214911897321 0.0266336325952632 0.0677077947141312 0.0266336325952632 1.03692676223553
1.0142949327072 0.0246443435369833 0.078548946315134 0.0246443435369833 0.951993229440049 0.0308787850482903 0.078548946315134 0.0308787850482903 1.04324040245601
1.01673563976508 0.0280708429473026 0.0894852624658478 0.0280708429473026 0.94584126654026 0.0351561704522924 0.0894852624658478 0.0351561704522924 1.04971616799139
1.01930348182251 0.0315266822297863 0.10051865837085 0.0315266822297863 0.939758781089351 0.0394665380089931 0.10051865837085 0.0394665380089931 1.05635602860447
1.02199974558444 0.0350124693073199 0.111651074820559 0.0350124693073199 0.933745537569345 0.0438106460838058 0.111651074820559 0.0438106460838058 1.06316198723633
1.02482574162512 0.0385288200645395 0.122884478600821 0.0385288200645395 0.927801307071322 0.0481892623617253 0.122884478600821 0.0481892623617253 1.07013608048264
1.02778280471738 0.0420763584770895 0.13422086290852 0.0420763584770895 0.92192586731477 0.0526031640054364 0.13422086290852 0.0526031640054364 1.07728037907727
1.03087229416708 0.045655716742763 0.145662247773302 0.045655716742763 0.91611900266785 0.0570531378156657 0.145662247773302 0.0570531378156657 1.08459698838347
1.03409559415294 0.0492675354145578 0.157210680485507 0.0492675354145578 0.91038050416862 0.0615399803938148 0.157210680485507 0.0615399803938148 1.09208804889255
1.03745411407154 0.052912463535673 0.168868236030411 0.052912463535673 0.90471016954719 0.0660644983069133 0.168868236030411 0.0660644983069133 1.09975573673036
1.04094928888793 0.0565911587764776 0.180637017528855 0.0565911587764776 0.89910780324884 0.07062750825492 0.180637017528855 0.07062750825492 1.10760226417152
1.04458257949162 0.0603042875734887 0.192519156684388 0.0603042875734887 0.893573216458108 0.075229837240419 0.192519156684388 0.075229837240419 1.11562988016162
1.0483554730582 0.0640525252703747 0.204516814236989 0.0640525252703747 0.888106227123843 0.07987232274074 0.204516814236989 0.07987232274074 1.12384087084746
1.05226948341662 0.0678365562610282 0.216632180423503 0.0678365562610282 0.882706659985251 0.0845558128825427 0.216632180423503 0.0845558128825427 1.13223756011547
1.05632615142224 0.0716570741347357 0.228867475444866 0.0716570741347357 0.877374346598938 0.0892811666189067 0.228867475444866 0.0892811666189067 1.14082231013844
1.06052704533571 0.0755147818234756 0.241224949940233 0.0755147818234756 0.872109125366953 0.0940492539089608 0.241224949940233 0.0940492539089608 1.14959752193067
1.06487376120779 0.0794103917513759 0.253706885468127 0.0794103917513759 0.866910841565849 0.0988609559000957 0.253706885468127 0.0988609559000957 1.15856563591166
1.06936792327013 0.0833446259863693 0.266315594994684 0.0833446259863693 0.861779347376778 0.103717165112796 0.266315594994684 0.103717165112796 1.16772913247847
1.07401118433222 0.0873182163940739 0.27905342338914 0.0873182163940739 0.856714501916614 0.108618785628134 0.27905342338914 0.108618785628134 1.1770905325869
1.07880522618451 0.0913319047939362 0.291922747926643 0.0913319047939362 0.851716171270128 0.113566733277973 0.291922747926643 0.113566733277973 1.18665239834164
1.08375176000782 0.0953864431176747 0.30492597879851 0.0953864431176747 0.846784228523227 0.118561935837904 0.30492597879851 0.118561935837904 1.19641733359538
1.08885252678911 0.0994825935700499 0.318065559630052 0.0994825935700499 0.841918553797263 0.123605333222981 0.318065559630052 0.123605333222981 1.20638798455728
1.09410929774373 0.103621128792004 0.331343968006059 0.103621128792004 0.837119034284415 0.128697877686283 0.331343968006059 0.128697877686283 1.21656704041069
1.09952387474429 0.10780283202621 0.344763716004096 0.10780283202621 0.832385564284191 0.133840534020346 0.344763716004096 0.133840534020346 1.22695723394035
1.10509809075611 0.112028497285051 0.35832735073569 0.112028497285051 0.827718045241007 0.139034279761522 0.35832735073569 0.139034279761522 1.23756134216927
1.11083381027953 0.116298929521084 0.372037454895555 0.116298929521084 0.823116385782909 0.144280105397295 0.372037454895555 0.144280105397295 1.24838218700535
1.11673292979904 0.120614944800022 0.385896647318979 0.120614944800022 0.818580501761413 0.149579014576614 0.385896647318979 0.149579014576614 1.25942263589791
1.12279737823937 0.124977370476262 0.39990758354747 0.124977370476262 0.8141103162925 0.154932024323271 0.39990758354747 0.154932024323271 1.27068560250433
1.1290291174287 0.129387045371012 0.414072956402822 0.129387045371012 0.809705759798759 0.160340165252395 0.414072956402822 0.160340165252395 1.28217404736687
1.135430142569 0.133844819953051 0.428395496569698 0.133844819953051 0.805366770052712 0.165804481790086 0.428395496569698 0.165804481790086 1.29389097859984
1.14200248271372 0.13835155652216 0.442877973186882 0.13835155652216 0.801093292221309 0.171326032396256 0.442877973186882 0.171326032396256 1.30583945258738
1.14874820125283 0.142908129395265 0.457523194447321 0.142908129395265 0.796885278911641 0.176905889790717 0.457523194447321 0.176905889790717 1.31802257469183
1.15566939640536 0.147515425095338 0.47233400820709 0.147515425095338 0.792742690217846 0.182545141182566 0.47233400820709 0.182545141182566 1.330443499973
1.1627682017196 0.152174342543097 0.487313302603424 0.152174342543097 0.788665493769252 0.188244888502918 0.487313302603424 0.188244888502918 1.34310543391846
1.17004678658101 0.15688579325154 0.502464006681945 0.15688579325154 0.784653664779759 0.19400624864105 0.502464006681945 0.19400624864105 1.35601163318494
1.17750735672801 0.161650701523367 0.517789091033232 0.161650701523367 0.780707186098472 0.199830353683982 0.517789091033232 0.199830353683982 1.36916540635112
1.18515215477563 0.166470004651324 0.533291568438862 0.166470004651324 0.776826048261614 0.20571835115958 0.533291568438862 0.20571835115958 1.38257011468192
1.19298346074742 0.171344653121527 0.548974494527097 0.171344653121527 0.773010249545714 0.211671404283212 0.548974494527097 0.211671404283212 1.3962291729045
1.20100359261542 0.176275610819794 0.564840968438314 0.176275610819794 0.7692597960221 0.217690692208015 0.564840968438314 0.217690692208015 1.41014604999603
1.20921490684849 0.181263855241042 0.580894133500384 0.181263855241042 0.765574701612713 0.223777410278844 0.580894133500384 0.223777410278844 1.42432426998361
1.21761979896917 0.186310377701802 0.597137177914101 0.186310377701802 0.761954988147245 0.229932770289935 0.597137177914101 0.229932770289935 1.43876741275636
1.22622070411902 0.191416183555876 0.613573335448845 0.191416183555876 0.758400685421637 0.236158000746362 0.613573335448845 0.236158000746362 1.45347911488983
1.23502009763271 0.19658229241321 0.630205886148618 0.19658229241321 0.754911831257926 0.242454347129328 0.630205886148618 0.242454347129328 1.46846307048319
1.24402049562098 0.201809738362019 0.647038157048617 0.201809738362019 0.751488471565495 0.248823072165363 0.647038157048617 0.248823072165363 1.48372303200896
1.2532244555625 0.20709957019421 0.664073522902511 0.20709957019421 0.748130660403705 0.255265456099475 0.664073522902511 0.255265456099475 1.49926281117594
1.26263457690492 0.212452851634165 0.68131540692057 0.212452851634165 0.744838460045954 0.261782796972336 0.68131540692057 0.261782796972336 1.51508627980509
1.27225350167506 0.217870661570926 0.698767281518813 0.217870661570926 0.74161194104516 0.26837641090153 0.698767281518813 0.26837641090153 1.53119737071895
1.28208391509859 0.22335409429383 0.71643266907936 0.22335409429383 0.738451182300711 0.275047632366965 0.71643266907936 0.275047632366965 1.54760007864451
1.29212854622915 0.228904259731668 0.734315142722133 0.228904259731668 0.735356271126874 0.281797814500489 0.734315142722133 0.281797814500489 1.56429846112987
