1.0267243040948 0.0426844100081294 0.00481901715073679 0.0426844100081294 1.03334713656332 0.0283235440391324 0.00481901715073679 0.0283235440391324 0.944950981716156
1.03190567276195 0.050811391101573 0.00581992098063852 0.050811391101573 1.03987178991732 0.0334771807359851 0.00581992098063852 0.0334771807359851 0.935265778174136
1.03717447969572 0.0590308207973351 0.0068571608369809 0.0590308207973351 1.04652379510678 0.0386178997599788 0.0068571608369809 0.0386178997599788 0.925709211693744
1.04253187430364 0.0673440994034458 0.00793091328055478 0.0673440994034458 1.05330453704132 0.0437465773405712 0.00793091328055478 0.0437465773405712 0.916279904691332
1.04797902227502 0.0757526451412867 0.00904136129710445 0.0757526451412867 1.06021542403834 0.048864088969742 0.00904136129710445 0.048864088969742 0.90697649865788
1.05351710580007 0.0842578944086453 0.0101886943374173 0.0842578944086453 1.0672578880932 0.0539713095467457 0.0101886943374173 0.0539713095467457 0.897797653961741
1.05914732379209 0.0928613020461922 0.0113731083585487 0.0928613020461922 1.07443338515374 0.0590691135229911 0.0113731083585487 0.0590691135229911 0.888742049654212
1.06487089211274 0.101564341607435 0.0125948058661953 0.101564341607435 1.08174339539918 0.064158375047061 0.0125948058661953 0.064158375047061 0.879808383277941
1.07068904380049 0.110368505632197 0.013853995958222 0.110368505632197 1.08918942352356 0.0692399681099054 0.013853995958222 0.0692399681099054 0.8709953706781
1.07660302930234 0.119275305923671 0.0151508943693537 0.119275305923671 1.09677299902359 0.0743147666902233 0.0151508943693537 0.0743147666902233 0.862301745816346
1.08261411670869 0.128286273829104 0.0164857235170385 0.128286273829104 1.10449567649113 0.0793836449000674 0.0164857235170385 0.0793836449000674 0.853726260587492
1.08872359199156 0.137402960524162 0.0178587125484935 0.137402960524162 1.11235903591027 0.0844474771306868 0.0178587125484935 0.0844474771306868 0.845267684638896
1.09493275924614 0.14662693730102 0.0192700973889457 0.14662693730102 1.12036468295908 0.0895071381986429 0.0192700973889457 0.0895071381986429 0.836924805192544
1.10124294093574 0.155959795860255 0.0207201207910711 0.155959795860255 1.12851424931613 0.094563503492212 0.0207201207910711 0.094563503492212 0.828696426869767
1.10765547814012 0.165403148606559 0.0222090323856466 0.165403148606559 1.13680939297176 0.099617449118107 0.0222090323856466 0.099617449118107 0.820581371518608
1.11417173080732 0.174958628948364 0.0237370887334257 0.174958628948364 1.14525179854422 0.104669852048542 0.0237370887334257 0.104669852048542 0.812578478043785
1.12079307800906 0.184627891601415 0.0253045533782465 0.184627891601415 1.15384317760075 0.109721590268661 0.0253045533782465 0.109721590268661 0.804686602239245
1.12752091819964 0.194412612896347 0.0269116969013806 0.194412612896347 1.16258526898359 0.114773542924364 0.0269116969013806 0.114773542924364 0.796904616623269
1.1343566694785 0.204314491090335 0.0285587969771411 0.204314491090335 1.17147983914104 0.119826590470539 0.0285587969771411 0.119826590470539 0.789231410276118
1.14130176985641 0.214335246682859 0.0302461384297509 0.214335246682859 1.18052868246365 0.124881614819753 0.0302461384297509 0.124881614819753 0.781665888680182
1.14835767752546 0.224476622735656 0.0319740132914917 0.224476622735656 1.1897336216255 0.129939499491396 0.0319740132914917 0.129939499491396 0.774206973562633
1.1555258711327 0.234740385196918 0.0337427208621404 0.234740385196918 1.19909650793081 0.135001129761323 0.0337427208621404 0.135001129761323 0.766853602740526
1.16280785005774 0.245128323229787 0.035552567769705 0.245128323229787 1.20861922166572 0.140067392812023 0.035552567769705 0.140067392812023 0.759604729968358
1.17020513469408 0.255642249545216 0.037403868032475 0.255642249545216 1.21830367245555 0.14513917788332 0.037403868032475 0.14513917788332 0.752459324788047
1.17771926673447 0.266284000739253 0.0392969431223944 0.266284000739253 1.22815179962739 0.150217376423654 0.0392969431223944 0.150217376423654 0.745416372381308
1.1853518094602 0.27705543763482 0.0412321220297725 0.27705543763482 1.23816557257824 0.155302882241955 0.0412321220297725 0.155302882241955 0.738474873424411
1.19310434803444 0.287958445628039 0.0432097413293466 0.287958445628039 1.24834699114869 0.160396591660141 0.0432097413293466 0.160396591660141 0.731633843945305
1.20097848979965 0.298994935039175 0.0452301452477063 0.298994935039175 1.25869808600227 0.165499403666267 0.0452301452477063 0.165499403666267 0.724892315183073
1.20897586457917 0.310166841468265 0.0472936857320938 0.310166841468265 1.26922091901043 0.170612220068347 0.0472936857320938 0.170612220068347 0.718249333449713
1.21709812498296 0.321476126155493 0.0494007225205963 0.321476126155493 1.27991758364341 0.175735945648877 0.0494007225205963 0.175735945648877 0.711703959994214
1.22534694671764 0.332924776346384 0.0515516232137411 0.332924776346384 1.29079020536686 0.1808714883201 0.0515516232137411 0.1808714883201 0.705255270868923
1.23372402890081 0.344514805661874 0.0537467633475061 0.344514805661874 1.30184094204445 0.186019759280003 0.0537467633475061 0.186019759280003 0.69890235679816
1.24223109437978 0.356248254473346 0.055986526467768 0.356248254473346 1.31307198434648 0.191181673169124 0.055986526467768 0.191181673169124 0.692644323049088
1.25086989005471 0.368127190282676 0.0582713042061928 0.368127190282676 1.32448555616453 0.196358148228153 0.0582713042061928 0.196358148228153 0.686480289304807
1.25964218720625 0.380153708107382 0.0606014963575882 0.380153708107382 1.33608391503232 0.201550106456375 0.0606014963575882 0.201550106456375 0.680409389539653
1.26854978182773 0.392329930870936 0.0629775109587365 0.392329930870936 1.34786935255278 0.206758473770981 0.0629775109587365 0.206758473770981 0.674430771896689
1.27759449496197 0.40465800979831 0.0653997643687129 0.40465800979831 1.35984419483146 0.211984180167271 0.0653997643687129 0.211984180167271 0.668543598567373
1.28677817304282 0.417140124816845 0.0678686813507191 0.417140124816845 1.37201080291631 0.21722815987978 0.0678686813507191 0.21722815987978 0.662747045673375
1.29610268824132 0.429778484962492 0.0703846951554337 0.429778484962492 1.38437157324399 0.222491351544351 0.0703846951554337 0.222491351544351 0.65704030315054
1.30556993881683 0.442575328791537 0.0729482476059078 0.442575328791537 1.3969289380927 0.227774698361187 0.0729482476059078 0.227774698361187 0.651422574634982
1.31518184947289 0.45553292479784 0.0755597891840128 0.45553292479784 1.40968536604171 0.233079148258918 0.0755597891840128 0.233079148258918 0.64589307735127
1.32494037171815 0.468653571835716 0.0782197791184622 0.468653571835716 1.42264336243758 0.238405654059689 0.0782197791184622 0.238405654059689 0.640451042002718
1.3348474842322 0.481939599548493 0.0809286854744268 0.481939599548493 1.43580546986727 0.243755173645326 0.0809286854744268 0.243755173645326 0.635095712663758
1.34490519323653 0.495393368802866 0.0836869852447532 0.495393368802866 1.44917426863809 0.249128670124591 0.0836869852447532 0.249128670124591 0.629826346674363
1.35511553287067 0.509017272129089 0.0864951644428057 0.509017272129089 1.46275237726478 0.254527112001556 0.0864951644428057 0.254527112001556 0.624642214536526
1.36548056557347 0.522813734167119 0.0893537181969589 0.522813734167119 1.4765424529635 0.259951473345143 0.0893537181969589 0.259951473345143 0.61954259981278
1.37600238246974 0.536785212118786 0.0922631508467445 0.536785212118786 1.49054719215326 0.265402733959835 0.0922631508467445 0.265402733959835 0.614526799026726
1.38668310376222 0.550934196206053 0.0952239760406776 0.550934196206053 1.50476933096436 0.270881879557604 0.0952239760406776 0.270881879557604 0.609594121565575
1.39752487912896 0.565263210135493 0.0982367168357873 0.565263210135493 1.51921164575448 0.276389901931088 0.0982367168357873 0.276389901931088 0.604743889584689
1.40852988812628 0.579774811569029 0.10130190579886 0.579774811569029 1.53387695363206 0.281927799128038 0.10130190579886 0.281927799128038 0.599975437914092
