0.931247190021324 0.00326403572693873 -0.00307015367961982 0.00326403572693873 1.00138311478971 -9.84693286499424e-05 -0.00307015367961982 -9.84693286499424e-05 1.07236794732625
0.919145136945378 0.00383921753165582 -0.00363484691092024 0.00383921753165582 1.0016385447377 -0.000118418382804366 -0.00363484691092024 -0.000118418382804366 1.08621946794784
0.907201078205318 0.0044070910012152 -0.00420002042473084 0.0044070910012152 1.00189439437868 -0.000138953633123566 -0.00420002042473084 -0.000138953633123566 1.10025020165404
0.895412955709143 0.0049677517299952 -0.00476576936976117 0.0049677517299952 1.00215065932164 -0.000160078537428428 -0.00476576936976117 -0.000160078537428428 1.11446246328854
0.883778738231721 0.0055212940689329 -0.00533218896494648 0.0055212940689329 1.00240733523346 -0.000181796652015227 -0.00533218896494648 -0.000181796652015227 1.12885859764529
0.872296421064804 0.00606781114177729 -0.00589937451547983 0.00606781114177729 1.00266441783818 -0.000204111632227421 -0.00589937451547983 -0.000204111632227421 1.1434409798553
0.860964025671611 0.00660739486113455 -0.00646742142885422 0.00660739486113455 1.00292190291624 -0.000227027233043997 -0.00646742142885422 -0.000227027233043997 1.15821201577858
0.849779599345923 0.00714013594430222 -0.00703642523091764 0.00714013594430222 1.00317978630375 -0.000250547309684481 -0.00703642523091764 -0.000250547309684481 1.17317414240097
0.838741214875625 0.00766612392889838 -0.00760648158194322 0.00766612392889838 1.00343806389181 -0.000274675818230597 -0.00760648158194322 -0.000274675818230597 1.18832982823629
0.827846970210648 0.00818544718829055 -0.00817768629271793 0.00818544718829055 1.00369673162573 -0.000299416816264843 -0.00817768629271793 -0.000299416816264843 1.20368157373355
0.81709498813523 0.00869819294681637 -0.00875013534065175 0.00869819294681637 1.00395578550438 -0.000324774463525927 -0.00875013534065175 -0.000324774463525927 1.21923191168952
0.806483415944476 0.00920444729481562 -0.00932392488591067 0.00920444729481562 1.00421522157947 -0.000350753022581304 -0.00932392488591067 -0.000350753022581304 1.23498340766658
0.796010425125129 0.00970429520345898 -0.00989915128757572 0.00970429520345898 1.00447503595489 -0.000377356859516789 -0.00989915128757572 -0.000377356859516789 1.25093866041599
0.785674211040505 0.0101978205393894 -0.0104759111198313 0.0101978205393894 1.004735224786 -0.000404590444643484 -0.0104759111198313 -0.000404590444643484 1.26710030230668
0.77547299261956 0.0106851060791695 -0.0110543011881847 0.0106851060791695 1.004995784279 -0.000432458353222051 -0.0110543011881847 -0.000432458353222051 1.28347099975951
0.765405012049995 0.0111662335235432 -0.0116344185457208 0.0111662335235432 1.00525671069024 -0.000460965266204466 -0.0116344185457208 -0.000460965266204466 1.3000534536872
0.755468534475386 0.0116412835115128 -0.0122163605093931 0.0116412835115128 1.0055180003256 -0.000490115970993425 -0.0122163605093931 -0.000490115970993425 1.31685039993997
0.745661847696255 0.0121103356342281 -0.0128002246763554 0.0121103356342281 1.00577964953982 -0.000519915362219404 -0.0128002246763554 -0.000519915362219404 1.33386460975685
0.735983261875059 0.0125734684487026 -0.0133861089403355 0.0125734684487026 1.00604165473591 -0.00055036844253566 -0.0133861089403355 -0.00055036844253566 1.35109889022296
0.726431109245016 0.013030759491345 -0.0139741115080547 0.013030759491345 1.00630401236448 -0.00058148032343116 -0.0139741115080547 -0.00058148032343116 1.36855608473258
0.717003743822752 0.0134822852913182 -0.0145643309156953 0.0134822852913182 1.00656671892314 -0.000613256226061651 -0.0145643309156953 -0.000613256226061651 1.38623907345831
0.707699541124684 0.0139281213837238 -0.0151568660454187 0.0139281213837238 1.00682977095592 -0.000645701482098998 -0.0151568660454187 -0.000645701482098998 1.40415077382622
0.698516897887113 0.0143683423226152 -0.0157518161419383 0.0143683423226152 1.00709316505262 -0.000678821534598882 -0.0157518161419383 -0.000678821534598882 1.4222941409972
0.68945423178998 0.0148030216938411 -0.0163492808291469 0.0148030216938411 1.00735689784828 -0.000712621938887045 -0.0163492808291469 -0.000712621938887045 1.44067216835452
0.680509981184222 0.0152322321277258 -0.0169493601268056 0.0152322321277258 1.00762096602253 -0.00074710836346422 -0.0169493601268056 -0.00074710836346422 1.45928788799769
0.671682604822693 0.0156560453115773 -0.0175521544672926 0.0156560453115773 1.00788536629906 -0.000782286590929887 -0.0175521544672926 -0.000782286590929887 1.4781443712427
0.662970581594596 0.016074532002041 -0.0181577647124187 0.016074532002041 1.00815009544504 -0.000818162518924966 -0.0181577647124187 -0.000818162518924966 1.49724472912874
0.654372410263392 0.0164877620372898 -0.018766292170309 0.0164877620372898 1.00841515027056 -0.000854742161093713 -0.018766292170309 -0.000854742161093713 1.5165921129315
0.645886609208127 0.0168958043490535 -0.0193778386123563 0.0168958043490535 1.00868052762807 -0.000892031648064802 -0.0193778386123563 -0.000892031648064802 1.53618971468307
0.637511716168139 0.0172987269744942 -0.0199925062902465 0.0172987269744942 1.00894622441182 -0.00093003722845195 -0.0199925062902465 -0.00093003722845195 1.55604076769855
0.629246287991104 0.0176965970679311 -0.0206103979530617 0.0176965970679311 1.00921223755738 -0.000968765269874091 -0.0206103979530617 -0.000968765269874091 1.57614854710955
0.621088900384372 0.0180894809124048 -0.0212316168644607 0.0180894809124048 1.00947856404101 -0.00100822225999532 -0.0212316168644607 -0.00100822225999532 1.5965163704045
0.613038147669549 0.0184774439311005 -0.0218562668199431 0.0184774439311005 1.00974520087924 -0.00104841480758482 -0.0218562668199431 -0.00104841480758482 1.61714759797601
0.605092642540296 0.0188605506986153 -0.0224844521641968 0.0188605506986153 1.01001214512827 -0.0010893496435969 -0.0224844521641968 -0.0010893496435969 1.63804563367527
0.597251015823279 0.0192388649520863 -0.0231162778085338 0.0192388649520863 1.01027939388352 -0.00113103362227129 -0.0231162778085338 -0.00113103362227129 1.65921392537363
0.589511916242259 0.019612449602168 -0.023751849248417 0.019612449602168 1.01054694427906 -0.00117347372225393 -0.023751849248417 -0.00117347372225393 1.68065596553148
0.58187401018525 0.0199813667438712 -0.0243912725810795 0.0199813667438712 1.0108147934872 -0.00121667704773844 -0.0243912725810795 -0.00121667704773844 1.70237529177442
0.574335981474734 0.0203456776672611 -0.0250346545232412 0.0203456776672611 1.01108293871789 -0.0012606508296284 -0.0250346545232412 -0.0012606508296284 1.72437548747693
0.566896531140869 0.0207054428680153 -0.0256821024289249 0.0207054428680153 1.01135137721835 -0.00130540242672068 -0.0256821024289249 -0.00130540242672068 1.74666018235358
0.559554377197668 0.0210607220578443 -0.0263337243073744 0.0210607220578443 1.01162010627248 -0.00135093932691001 -0.0263337243073744 -0.00135093932691001 1.76923305305788
0.552308254422105 0.0214115741747808 -0.026989628841078 0.0214115741747808 1.01188912320049 -0.0013972691484149 -0.026989628841078 -0.0013972691484149 1.79209782378887
0.5451569141361 0.0217580573933305 -0.0276499254039008 0.0217580573933305 1.01215842535837 -0.00144439964102533 -0.0276499254039008 -0.00144439964102533 1.81525826690555
0.538099123991369 0.0221002291344953 -0.0283147240793281 0.0221002291344953 1.01242801013743 -0.0014923386873721 -0.0283147240793281 -0.0014923386873721 1.8387182035493
0.531133667757072 0.0224381460756657 -0.0289841356788237 0.0224381460756657 1.0126978749639 -0.00154109430421833 -0.0289841356788237 -0.00154109430421833 1.86248150427425
0.52425934511025 0.0227718641603814 -0.0296582717603051 0.0227718641603814 1.0129680172984 -0.00159067464377322 -0.0296582717603051 -0.00159067464377322 1.88655208968594
0.517474971428996 0.0231014386079732 -0.0303372446467401 0.0231014386079732 1.0132384346356 -0.00164108799502815 -0.0303372446467401 -0.00164108799502815 1.91093393108811
0.510779377588333 0.0234269239230714 -0.0310211674448664 0.0234269239230714 1.01350912450368 -0.00169234278511558 -0.0310211674448664 -0.00169234278511558 1.93563105113793
0.504171409758763 0.0237483739049974 -0.0317101540640388 0.0237483739049974 1.01378008446398 -0.00174444758069084 -0.0317101540640388 -0.00174444758069084 1.9606475245097
0.49764992920745 0.0240658416570323 -0.0324043192352057 0.0240658416570323 1.01405131211054 -0.00179741108933699 -0.0324043192352057 -0.00179741108933699 1.98598747856704
0.491213812102002 0.0243793795955612 -0.0331037785300193 0.0243793795955612 1.01432280506967 -0.00185124216099313 -0.0331037785300193 -0.00185124216099313 2.01165509404396
