0.942122593817612 0.0202081744155243 -0.0363130022637599 0.0202081744155243 1.03057729414722 0.0212524558811817 -0.0363130022637599 0.0212524558811817 1.03224439499155
0.932055277615244 0.02377320893237 -0.0428297396451015 0.02377320893237 1.03638751887673 0.0252182180406651 -0.0428297396451015 0.0252182180406651 1.03847083442282
0.922156776558654 0.0272942061405698 -0.0493016871005594 0.0272942061405698 1.04225852548119 0.0292049163879876 -0.0493016871005594 0.0292049163879876 1.04479235327068
0.912424757116998 0.0307717416865129 -0.0557299033475445 0.0307717416865129 1.04819056011308 0.0332132039235893 -0.0557299033475445 0.0332132039235893 1.05120927202797
0.902856920869867 0.0342063813798232 -0.0621154351083761 0.0342063813798232 1.05418387499355 0.0372437344273158 -0.0621154351083761 0.0372437344273158 1.05772192271922
0.893451004001206 0.0375986813197176 -0.0684593173177847 0.0375986813197176 1.06023872841124 0.0412971625530066 -0.0684593173177847 0.0412971625530066 1.06433064888833
0.884204776800701 0.0409491880193255 -0.0747625733276778 0.0409491880193255 1.06635538472181 0.0453741439227596 -0.0747625733276778 0.0453741439227596 1.07103580558774
0.875116043172522 0.0442584385279958 -0.0810262151092179 0.0442584385279958 1.07253411434844 0.0494753352208984 -0.0810262151092179 0.0494753352208984 1.0778377593695
0.866182640151329 0.0475269605516226 -0.0872512434522508 0.0475269605516226 1.07877519378305 0.0536013942876375 -0.0872512434522508 0.0536013942876375 1.08473688827785
0.857402437425422 0.050755272571008 -0.0934386481621287 0.050755272571008 1.0850789055884 0.057752980212482 -0.0934386481621287 0.057752980212482 1.09173358184359
0.848773336866939 0.0539438839582989 -0.0995894082539624 0.0539438839582989 1.09144553840104 0.0619307534273597 -0.0995894082539624 0.0619307534273597 1.09882824108006
0.840293272068993 0.0570932950915208 -0.105704492144357 0.0570932950915208 1.09787538693501 0.0661353757995111 -0.105704492144357 0.0661353757995111 1.10602127848076
0.831960207889659 0.0602039974672235 -0.111784857840657 0.0602039974672235 1.10436875198641 0.0703675107241469 -0.111784857840657 0.0703675107241469 1.11331311801866
0.823772140002687 0.0632764738112874 -0.117831453127746 0.0632764738112874 1.11092594043878 0.074627823216888 -0.117831453127746 0.074627823216888 1.12070419514709
0.81572709445488 0.066311198187889 -0.123845215752439 0.066311198187889 1.11754726526925 0.0789169800060042 -0.123845215752439 0.0789169800060042 1.12819495680236
0.807823127230002 0.0693086361066715 -0.129827073605515 0.0693086361066715 1.12423304555554 0.0832356496244653 -0.129827073605515 0.0832356496244653 1.13578586140786
0.80005832381915 0.0722692446281309 -0.135777944901404 0.0722692446281309 1.13098360648375 0.0875845025018172 -0.135777944901404 0.0875845025018172 1.14347737887987
0.792430798797478 0.0751934724672477 -0.141698738355595 0.0751934724672477 1.13779927935691 0.0919642110559004 -0.141698738355595 0.0919642110559004 1.151269990635
0.784938695407191 0.0780817600953896 -0.14759035335978 0.0780817600953896 1.14468040160443 0.0963754497844213 -0.14759035335978 0.0963754497844213 1.1591641895991
0.777580185146713 0.0809345398405014 -0.153453680154779 0.0809345398405014 1.1516273167922 0.100818895356394 -0.153453680154779 0.100818895356394 1.16716048021792
0.770353467365939 0.0837522359856091 -0.159289600001282 0.0837522359856091 1.1586403746336 0.10529522670346 -0.159289600001282 0.10529522670346 1.17525937846922
0.763256768867493 0.0865352648656635 -0.165098985348443 0.0865352648656635 1.16571993100126 0.109805125111115 -0.165098985348443 0.109805125111115 1.18346141187658
0.756288343513878 0.0892840349627403 -0.170882700000355 0.0892840349627403 1.17286634793956 0.114349274309832 -0.170882700000355 0.114349274309832 1.1917671195247
0.749446471840473 0.091998946999618 -0.176641599280453 0.091998946999618 1.18007999367801 0.118928360566117 -0.176641599280453 0.118928360566117 1.20017705207625
0.742729460674252 0.094680394031761 -0.18237653019386 0.094680394031761 1.18736124264533 0.1235430727735 -0.18237653019386 0.1235430727735 1.20869177179041
0.736135642758171 0.097328761537723 -0.188088331587734 0.097328761537723 1.19471047548433 0.128194102543477 -0.188088331587734 0.128194102543477 1.21731185254282
0.729663376381123 0.0999444275079941 -0.193777834309621 0.0999444275079941 1.20212807906759 0.132882144296415 -0.193777834309621 0.132882144296415 1.22603787984718
0.723311045013387 0.102527762532312 -0.199445861363875 0.102527762532312 1.20961444651391 0.137607895352435 -0.199445861363875 0.137607895352435 1.23487045087833
0.717077056947499 0.105079129885454 -0.205093228066151 0.105079129885454 1.2171699772055 0.142372056022287 -0.205093228066151 0.142372056022287 1.24381017449695
0.710959844944446 0.107598885611539 -0.210720742196019 0.107598885611539 1.22479507680599 0.147175329698228 -0.210720742196019 0.147175329698228 1.25285767127575
0.704957865885132 0.110087378606844 -0.21632920414773 0.110087378606844 1.23249015727918 0.15201842294492 -0.21632920414773 0.15201842294492 1.26201357352716
0.699069600427015 0.112544950701167 -0.221919407079154 0.112544950701167 1.24025563690858 0.156902045590351 -0.221919407079154 0.156902045590351 1.27127852533266
0.693293552665853 0.114971936737754 -0.22749213705893 0.114971936737754 1.24809194031771 0.161826910816808 -0.22749213705893 0.161826910816808 1.28065318257351
0.687628249802495 0.117368664651793 -0.233048173211852 0.117368664651793 1.25599949849114 0.166793735251903 -0.233048173211852 0.166793735251903 1.29013821296313
0.68207224181461 0.119735455547526 -0.23858828786253 0.119735455547526 1.26397874879636 0.171803239059664 -0.23858828786253 0.171803239059664 1.2997342960809
0.676624101133329 0.122072623773951 -0.24411324667734 0.122072623773951 1.27203013500635 0.176856146031717 -0.24411324667734 0.176856146031717 1.30944212340751
0.671282422324686 0.124380476999179 -0.249623808804706 0.124380476999179 1.28015410732298 0.181953183678557 -0.249623808804706 0.181953183678557 1.31926239836189
0.666045821775815 0.126659316283431 -0.255120727013735 0.126659316283431 1.28835112240109 0.187095083320924 -0.255120727013735 0.187095083320924 1.32919583633954
0.660912937385827 0.128909436150699 -0.260604747831235 0.128909436150699 1.29662164337343 0.192282580181307 -0.260604747831235 0.192282580181307 1.33924316475246
0.655882428261297 0.131131124659103 -0.266076611677139 0.131131124659103 1.30496613987628 0.197516413475577 -0.266076611677139 0.197516413475577 1.34940512307059
0.650952974416292 0.133324663469939 -0.271537052998379 0.133324663469939 1.31338508807589 0.202797326504764 -0.271537052998379 0.202797326504764 1.35968246286467
0.64612327647689 0.135490327915445 -0.276986800401204 0.135490327915445 1.32187897069565 0.208126066746999 -0.276986800401204 0.208126066746999 1.37007594785074
0.641392055390097 0.137628387065306 -0.282426576782011 0.137628387065306 1.33044827704405 0.213503385949614 -0.282426576782011 0.213503385949614 1.38058635393601
0.636758052137129 0.1397391037919 -0.287857099456677 0.1397391037919 1.33909350304337 0.218930040221442 -0.287857099456677 0.218930040221442 1.39121446926634
0.632220027450979 0.141822734834312 -0.293279080288445 0.141822734834312 1.34781515125916 0.224406790125301 -0.293279080288445 0.224406790125301 1.40196109427519
0.627776761538203 0.143879530861131 -0.298693225814366 0.143879530861131 1.35661373093047 0.229934400770691 -0.298693225814366 0.229934400770691 1.41282704173404
0.623427053804879 0.145909736532035 -0.304100237370351 0.145909736532035 1.36548975800086 0.235513641906708 -0.304100237370351 0.235513641906708 1.42381313680438
0.619169722586669 0.147913590558185 -0.309500811214827 0.147913590558185 1.37444375515013 0.241145288015197 -0.309500811214827 0.241145288015197 1.43492021709113
0.615003604882924 0.14989132576145 -0.314895638651045 0.14989132576145 1.38347625182688 0.246830118404145 -0.314895638651045 0.246830118404145 1.44614913269761
0.610927556094782 0.151843169132464 -0.32028540614805 0.151843169132464 1.39258778428178 0.252568917301335 -0.32028540614805 0.252568917301335 1.45750074628203
