1.04649792268778 0.0129292307679164 0.0384582296491282 0.0129292307679164 0.985241242351549 0.0427140279555578 0.0384582296491282 0.0427140279555578 0.973264062918344
1.05544508172967 0.0155250879880147 0.0456588428635664 0.0155250879880147 0.982772567005995 0.0504146308723871 0.0456588428635664 0.0504146308723871 0.968793754297164
1.06452218803227 0.0181906175345347 0.0529049239097809 0.0181906175345347 0.980377997963345 0.0580735313870201 0.0529049239097809 0.0580735313870201 0.964458213253841
1.07373078776617 0.020926269273527 0.0601976957704252 0.020926269273527 0.978057145216603 0.0656920221876998 0.0601976957704252 0.0656920221876998 0.960256722162259
1.08307244941217 0.0237325049376825 0.0675383894071032 0.0237325049376825 0.975809631159975 0.0732713892545544 0.0675383894071032 0.0732713892545544 0.95618858594763
1.09254876402769 0.026609798205212 0.0749282439686785 0.026609798205212 0.97363509052621 0.0808129120759546 0.0749282439686785 0.0808129120759546 0.952253131971129
1.10216134551706 0.0295586347807542 0.0823685070009865 0.0295586347807542 0.971533170326024 0.0883178638637943 0.0823685070009865 0.0883178638637943 0.948449709918322
1.11191183090571 0.0325795124783165 0.0898604346579763 0.0325795124783165 0.969503529789591 0.0957875117677326 0.0898604346579763 0.0957875117677326 0.94477769169135
1.12180188061821 0.0356729413062618 0.0974052919143274 0.0356729413062618 0.967545840310087 0.103223117088427 0.0974052919143274 0.103223117088427 0.941236471304837
1.13183317876032 0.0388394435543664 0.105004352779568 0.0388394435543664 0.965659785389281 0.110625935489805 0.105004352779568 0.110625935489805 0.93782546478554
1.1420074334051 0.04207955388295 0.112658900513738 0.04207955388295 0.963845060585167 0.117997217210394 0.112658900513738 0.117997217210394 0.934544110075689
1.152326376883 0.0453938194141047 0.120370227844628 0.0453938194141047 0.962101373461622 0.125338207273762 0.120370227844628 0.125338207273762 0.931391866940016
1.16279176607614 0.0487827998250309 0.128139637186636 0.0487827998250309 0.960428443540089 0.132650145698088 0.128139637186636 0.132650145698088 0.928368216876468
1.17340538271671 0.052247067443501 0.135968440861276 0.052247067443501 0.958826002253265 0.139934267704917 0.135968440861276 0.139934267704917 0.925472663030568
1.18416903368963 0.0557872073454634 0.143857961319373 0.0557872073454634 0.957293792900806 0.14719180392711 0.143857961319373 0.14719180392711 0.92270473011342
1.19508455133942 0.0594038174548058 0.151809531364993 0.0594038174548058 0.955831570607018 0.154423980616048 0.151809531364993 0.154423980616048 0.920063964323358
1.20615379378146 0.0630975086452928 0.159824494381128 0.0630975086452928 0.954439102280547 0.161632019848109 0.159824494381128 0.161632019848109 0.917549933271193
1.21737864521753 0.0668689048447008 0.167904204557193 0.0668689048447008 0.953116166576051 0.16881713973046 0.167904204557193 0.16881713973046 0.915162225909085
1.22876101625591 0.0707186431411559 0.176050027118362 0.0707186431411559 0.951862553857854 0.175980554606197 0.176050027118362 0.175980554606197 0.912900452462994
1.24030284423583 0.0746473738917101 0.18426333855678 0.0746473738917101 0.950678066165558 0.183123475258865 0.18426333855678 0.183123475258865 0.910764244368725
1.25200609355651 0.0786557608331568 0.192545526864706 0.0786557608331568 0.949562517181647 0.190247109116399 0.192545526864706 0.190247109116399 0.908753254211535
1.26387275601084 0.0827444811951168 0.200897991769605 0.0827444811951168 0.94851573220102 0.197352660454511 0.200897991769605 0.197352660454511 0.906867155669313
1.27590485112361 0.0869142258154075 0.209322144971242 0.0869142258154075 0.947537548102511 0.204441330599565 0.209322144971242 0.204441330599565 0.905105643459304
1.28810442649453 0.0911656992577213 0.217819410380821 0.0911656992577213 0.94662781332234 0.211514318130973 0.217819410380821 0.211514318130973 0.903468433288383
1.30047355814596 0.0954996199316245 0.226391224362197 0.0954996199316245 0.945786387829525 0.218572819083143 0.226391224362197 0.218572819083143 0.901955261806867
1.31301435087551 0.0999167202149021 0.235039035975208 0.0999167202149021 0.945013143103219 0.225618027147013 0.235039035975208 0.225618027147013 0.900565886565846
1.32572893861349 0.104417746578273 0.243764307221181 0.104417746578273 0.944307962112008 0.23265113387121 0.243764307221181 0.23265113387121 0.899300085978047
1.3386194847853 0.109003459712494 0.252568513290624 0.109003459712494 0.943670739295134 0.239673328862862 0.252568513290624 0.239673328862862 0.89815765928221
1.35168818267887 0.113674634657859 0.261453142813181 0.113674634657859 0.943101380545647 0.246685799988102 0.261453142813181 0.246685799988102 0.897138426510971
1.36493725581711 0.118432060936153 0.270419698109857 0.118432060936153 0.942599803195504 0.25368973357229 0.270419698109857 0.25368973357229 0.896242228462256
1.37836895833555 0.12327654268504 0.279469695447593 0.12327654268504 0.942165936002575 0.260686314599999 0.279469695447593 0.260686314599999 0.895468926674166
1.39198557536509 0.128208898794934 0.288604665296199 0.128208898794934 0.941799719139593 0.267676726914787 0.288604665296199 0.267676726914787 0.89481840340337
1.40578942342014 0.133229963048376 0.297826152587713 0.133229963048376 0.941501104185016 0.274662153418794 0.297826152587713 0.274662153418794 0.89429056160698
1.41978285079196 0.138340584261927 0.307135716978216 0.138340584261927 0.941270054115827 0.281643776272195 0.307135716978216 0.281643776272195 0.893885324927924
1.43396823794744 0.143541626430611 0.316534933112161 0.143541626430611 0.941106543302235 0.288622777092554 0.316534933112161 0.288622777092554 0.893602637683804
1.4483479979334 0.148833968874931 0.32602539088924 0.148833968874931 0.941010557504318 0.295600337154086 0.32602539088924 0.295600337154086 0.893442464859244
1.46292457678631 0.154218506390487 0.33560869573386 0.154218506390487 0.940982093870574 0.302577637586897 0.33560869573386 0.302577637586897 0.893404792101712
1.47770045394769 0.159696149400204 0.345286468867251 0.159696149400204 0.941021160938403 0.309555859576205 0.345286468867251 0.309555859576205 0.893489625720844
1.49267814268515 0.165267824109226 0.355060347582261 0.165267824109226 0.941127778636493 0.316536184561583 0.355060347582261 0.316536184561583 0.893696992691242
1.50786019051918 0.170934472662471 0.364931985520899 0.170934472662471 0.94130197828915 0.32351979443628 0.364931985520899 0.32351979443628 0.894026940658758
1.52324917965575 0.176697053304896 0.374903052954637 0.176697053304896 0.941543802622535 0.330507871746614 0.374903052954637 0.330507871746614 0.894479537950272
1.5388477274248 0.18255654054449 0.384975237067559 0.18255654054449 0.941853305772832 0.337501599891503 0.384975237067559 0.337501599891503 0.895054873586956
1.55465848672466 0.188513925318017 0.395150242242382 0.188513925318017 0.94223055329633 0.344502163322158 0.395150242242382 0.344502163322158 0.895753057301026
1.57068414647258 0.194570215159557 0.405429790349395 0.194570215159557 0.942675622181456 0.351510747741964 0.405429790349395 0.351510747741964 0.896574219555995
1.58692743206132 0.200726434371851 0.415815621038378 0.200726434371851 0.943188600862709 0.358528540306597 0.415815621038378 0.358528540306597 0.897518511570422
1.60339110582188 0.20698362420049 0.426309492033548 0.20698362420049 0.943769589236545 0.365556729824391 0.426309492033548 0.365556729824391 0.898586105345161
1.62007796749267 0.213342843010978 0.436913179431569 0.213342843010978 0.944418698679191 0.372596506957012 0.436913179431569 0.372596506957012 0.899777193694126
1.63699085469481 0.219805166468709 0.447628478002701 0.219805166468709 0.945136052066399 0.379649064420457 0.447628478002701 0.379649064420457 0.901091990278564
1.65413264341404 0.226371687721845 0.458457201495103 0.226371687721845 0.945921783795132 0.386715597186416 0.458457201495103 0.386715597186416 0.902530729644841
1.67150624848905 0.2330435175872 0.469401182942383 0.2330435175872 0.946776039807211 0.393797302684032 0.469401182942383 0.393797302684032 0.90409366726577
