1.02348334017376 -0.0201494269079454 -0.00460730005808281 -0.0201494269079454 1.03648799997044 -0.0448443180158327 -0.00460730005808281 -0.0448443180158327 0.944990179663775
1.02790190165897 -0.0239562314424066 -0.00533894006500547 -0.0239562314424066 1.04359413839914 -0.0529742062303494 -0.00533894006500547 -0.0529742062303494 0.935446181622311
1.03235370221835 -0.0277974538658228 -0.0060353325464992 -0.0277974538658228 1.05082736578511 -0.061074310663712 -0.0060353325464992 -0.061074310663712 0.926070668196668
1.03683897515397 -0.0316737291205566 -0.00669659211372829 -0.0316737291205566 1.05818837602316 -0.0691459690038847 -0.00669659211372829 -0.0691459690038847 0.91686159020163
1.04135795716869 -0.0355856961227421 -0.00732282711045545 -0.0355856961227421 1.06567788089601 -0.0771905100773485 -0.00732282711045545 -0.0771905100773485 0.90781693119601
1.04591088838915 -0.0395339978522852 -0.00791413964894405 -0.0395339978522852 1.07329661012995 -0.0852092540872104 -0.00791413964894405 -0.0852092540872104 0.898934707059395
1.05049801238932 -0.0435192814432259 -0.00847062564475638 -0.0435192814432259 1.08104531145316 -0.0932035128491916 -0.00847062564475638 -0.0932035128491916 0.890212965575334
1.05511957621446 -0.0475421982744772 -0.00899237485045819 -0.0475421982744772 1.08892475065675 -0.101174590025542 -0.00899237485045819 -0.101174590025542 0.8816497860209
1.05977583040552 -0.0516034040609533 -0.00947947088823528 -0.0516034040609533 1.09693571165841 -0.10912378135692 -0.00947947088823528 -0.10912378135692 0.873243278762541
1.06446702902406 -0.0557035589451036 -0.00993199128143363 -0.0557035589451036 1.10507899656876 -0.117052374892284 -0.00993199128143363 -0.117052374892284 0.86499158485813
1.0691934296776 -0.0598433275888593 -0.0103500074850302 -0.0598433275888593 1.11335542576036 -0.124961651216838 -0.0103500074850302 -0.124961651216838 0.856892875665134
1.07395529354546 -0.0640233792660121 -0.0107335849150406 -0.0640233792660121 1.12176583793937 -0.132852883678071 -0.0107335849150406 -0.132852883678071 0.848945352454823
1.07875288540504 -0.0682443879550342 -0.0110827829768774 -0.0682443879550342 1.13031109021996 -0.140727338609936 -0.0110827829768774 -0.140727338609936 0.84114724603243
1.08358647365862 -0.0725070324323538 -0.0113976550926613 -0.0725070324323538 1.1389920582013 -0.148586275555204 -0.0113976550926613 -0.148586275555204 0.833496816363196
1.08845633036059 -0.0768119963661041 -0.0116782487274926 -0.0768119963661041 1.14780963604729 -0.156430947486044 -0.0116782487274926 -0.156430947486044 0.825992352204214
1.09336273124521 -0.0811599684103496 -0.0119246054146964 -0.0811599684103496 1.156764736569 -0.164262601022858 -0.0119246054146964 -0.164262601022858 0.818632170741991
1.09830595575483 -0.0855516422998117 -0.0121367607800427 -0.0855516422998117 1.16585829130973 -0.172082476651418 -0.0121367607800427 -0.172082476651418 0.811414617235671
1.10328628706854 -0.0899877169451058 -0.012314744564949 -0.0899877169451058 1.17509125063282 -0.179891808938347 -0.012314744564949 -0.179891808938347 0.804338064665818
1.10830401213142 -0.0944688965284951 -0.0124585806486788 -0.0944688965284951 1.18446458381218 -0.18769182674497 -0.0124585806486788 -0.18769182674497 0.797400913388701
1.11335942168423 -0.0989958906001892 -0.0125682870695327 -0.0989958906001892 1.19397927912541 -0.195483753439597 -0.0125682870695327 -0.195483753439597 0.790601590796024
1.11845281029352 -0.103569414175187 -0.0126438760450461 -0.103569414175187 1.20363634394983 -0.203268807108255 -0.0126438760450461 -0.203268807108255 0.783938550979994
1.12358447638238 -0.108190187830687 -0.012685353991197 -0.108190187830687 1.21343680486103 -0.211048200763911 -0.012685353991197 -0.211048200763911 0.777410274403681
1.12875472226159 -0.112858937804073 -0.0126927215406313 -0.112858937804073 1.22338170773429 -0.218823142554242 -0.0126927215406313 -0.218823142554242 0.771015267576609
1.1339638541613 -0.117576396091489 -0.0126659735599092 -0.117576396091489 1.23347211784862 -0.226594835967967 -0.0126659735599092 -0.226594835967967 0.764752062735477
1.13921218226322 -0.122343300547029 -0.0126050991657819 -0.122343300547029 1.2437091199937 -0.234364480039784 -0.0126050991657819 -0.234364480039784 0.758619217529982
1.14450002073335 -0.127160394982533 -0.0125100817405 -0.127160394982533 1.25409381857939 -0.242133269553963 -0.0125100817405 -0.242133269553963 0.752615314713652
1.14982768775516 -0.13202842926802 -0.012380898946165 -0.13202842926802 1.26462733774811 -0.249902395246609 -0.012380898946165 -0.249902395246609 0.746738961839627
1.15519550556338 -0.136948159432773 -0.0122175227381221 -0.136948159432773 1.27531082148998 -0.25767304400665 -0.0122175227381221 -0.25767304400665 0.740988790961341
1.1606038004782 -0.14192034776708 -0.0120199193774054 -0.14192034776708 1.28614543376071 -0.26544639907558 -0.0120199193774054 -0.26544639907558 0.735363458338022
1.1660529029401 -0.14694576292465 -0.0117880494422368 -0.14694576292465 1.29713235860229 -0.273223640245984 -0.0117880494422368 -0.273223640245984 0.729861644144957
1.17154314754516 -0.152025180025713 -0.0115218678385862 -0.152025180025713 1.30827280026645 -0.28100594405889 -0.0115218678385862 -0.28100594405889 0.724482052188464
1.17707487308088 -0.157159380760833 -0.0112213238097938 -0.157159380760833 1.31956798334101 -0.288794483999989 -0.0112213238097938 -0.288794483999989 0.719223409625503
1.18264842256261 -0.162349153495434 -0.0108863609452641 -0.162349153495434 1.33101915287897 -0.296590430694734 -0.0108863609452641 -0.296590430694734 0.714084466687876
1.18826414327046 -0.167595293375054 -0.01051691718823 -0.167595293375054 1.34262757453043 -0.304394952102384 -0.01051691718823 -0.304394952102384 0.709063996410948
1.19392238678679 -0.172898602431343 -0.010112924842598 -0.172898602431343 1.35439453467743 -0.312209213708993 -0.010112924842598 -0.312209213708993 0.704160794366843
1.1996235090342 -0.178259889688833 -0.00967431057887048 -0.178259889688833 1.36632134057157 -0.320034378719415 -0.00967431057887048 -0.320034378719415 0.699373678402045
1.20536787031416 -0.183679971272473 -0.00920099543915708 -0.183679971272473 1.37840932047454 -0.327871608248322 -0.00920099543915708 -0.327871608248322 0.694701488379363
1.21115583534611 -0.189159670515953 -0.00869289484127168 -0.189159670515953 1.39065982380149 -0.335722061510295 -0.00869289484127168 -0.335722061510295 0.690143085924195
1.21698777330718 -0.194699818070837 -0.00814991858192506 -0.194699818070837 1.40307422126737 -0.34358689600901 -0.00814991858192506 -0.34358689600901 0.685697354175037
1.22286405787246 -0.200301252016512 -0.00757197083900966 -0.200301252016512 1.41565390503607 -0.35146726772555 -0.00757197083900966 -0.35146726772555 0.681363197538196
1.22878506725584 -0.20596481797097 -0.00695895017298642 -0.20596481797097 1.42840028887263 -0.359364331305885 -0.00695895017298642 -0.359364331305885 0.677139541446637
1.23475118425144 -0.211691369202445 -0.0063107495273719 -0.211691369202445 1.44131480829822 -0.367279240247538 -0.0063107495273719 -0.367279240247538 0.673025332122929
1.24076279627558 -0.217481766741901 -0.00562725622833025 -0.217481766741901 1.45439892074822 -0.375213147085485 -0.00562725622833025 -0.375213147085485 0.669019536346233
1.24682029540939 -0.223336879496412 -0.00490835198337425 -0.223336879496412 1.46765410573318 -0.383167203577311 -0.00490835198337425 -0.383167203577311 0.665121141223272
1.25292407844198 -0.229257584363428 -0.0041539128791749 -0.229257584363428 1.4810818650028 -0.391142560887653 -0.0041539128791749 -0.391142560887653 0.661329153963256
1.25907454691424 -0.23524476634595 -0.00336380937848531 -0.23524476634595 1.49468372271293 -0.399140369771964 -0.00336380937848531 -0.399140369771964 0.657642601656694
1.26527210716316 -0.241299318668638 -0.0025379063161777 -0.241299318668638 1.50846122559552 -0.407161780759639 -0.0025379063161777 -0.407161780759639 0.654060531058061
1.27151717036686 -0.247422142894848 -0.00167606289439938 -0.247422142894848 1.52241594313169 -0.415207944336513 -0.00167606289439938 -0.415207944336513 0.650582008372255
1.27781015259015 -0.253614149044629 -0.000778132676848134 -0.253614149044629 1.53654946772783 -0.423280011126777 -0.000778132676848134 -0.423280011126777 0.647206119044819
1.28415147483076 -0.259876255713696 0.00015603641783471 -0.259876255713696 1.55086341489471 -0.431379132074347 0.00015603641783471 -0.431379132074347 0.643931967555872
