1.03437379346408 0.00838807235827402 -0.0265086485928377 0.00838807235827402 0.991473431841537 -0.0573183353965709 -0.0265086485928377 -0.0573183353965709 0.979117928457113
1.04089684715021 0.0101161156307431 -0.0314648008476986 0.0101161156307431 0.990283163879719 -0.0676789018764515 -0.0314648008476986 -0.0676789018764515 0.975768238292615
1.04748644815177 0.0119029981331596 -0.036450055351669 0.0119029981331596 0.989207856034265 -0.0779918528832163 -0.036450055351669 -0.0779918528832163 0.972566725361218
1.05414323031858 0.0137490162439323 -0.0414652374930102 0.0137490162439323 0.988246874130251 -0.0882588947061735 -0.0414652374930102 -0.0882588947061735 0.969512403961937
1.06086783580276 0.0156544754855951 -0.0465111754207327 0.0156544754855951 0.987399603743271 -0.0984817211830955 -0.0465111754207327 -0.0984817211830955 0.966604314653322
1.06766091513612 0.0176196905492231 -0.0515887001704155 0.0176196905492231 0.98666545004364 -0.108662014006556 -0.0515887001704155 -0.108662014006556 0.963841524024505
1.07452312730875 0.0196449853202457 -0.0566986457901187 0.0196449853202457 0.986043837644161 -0.118801443027444 -0.0566986457901187 -0.118801443027444 0.96122312447106
1.08145513984869 0.0217306929056747 -0.0618418494664386 0.0217306929056747 0.985534210451466 -0.128901666555712 -0.0618418494664386 -0.128901666555712 0.958748233975647
1.08845762890277 0.0238771556627265 -0.067019151650698 0.0238771556627265 0.985136031520837 -0.138964331658422 -0.067019151650698 -0.138964331658422 0.956415995893374
1.09553127931852 0.026084725228859 -0.0722313961853099 0.026084725228859 0.98484878291454 -0.148991074455133 -0.0722313961853099 -0.148991074455133 0.954225578741841
1.10267678472739 0.0283537625532102 -0.0774794304303257 0.0283537625532102 0.984671965563581 -0.158983520410692 -0.0774794304303257 -0.158983520410692 0.952176175995814
1.10989484762893 0.0306846379294469 -0.0827641053901911 0.0306846379294469 0.984605099132893 -0.168943284625485 -0.0827641053901911 -0.168943284625485 0.950267005886481
1.11718617947636 0.0330777310300219 -0.0880862758407266 0.0330777310300219 0.984647721889901 -0.178871972123196 -0.0880862758407266 -0.178871972123196 0.948497311205251
1.12455150076312 0.0355334309418386 -0.0934468004563547 0.0355334309418386 0.984799390576436 -0.188771178136127 -0.0934468004563547 -0.188771178136127 0.946866359112043
1.13199154111082 0.0380521362033357 -0.0988465419375951 0.0380521362033357 0.985059680283988 -0.198642488388143 -0.0988465419375951 -0.198642488388143 0.945373440948031
1.13950703935821 0.0406342548429762 -0.104286367138841 0.0406342548429762 0.985428184332232 -0.208487479375274 -0.104286367138841 -0.208487479375274 0.9440178720528
1.14709874365155 0.043280204419159 -0.109767147196441 0.043280204419159 0.985904514150833 -0.218307718644044 -0.109767147196441 -0.218307718644044 0.942798991585855
1.15476741153601 0.0459904120615486 -0.115289757657114 0.0459904120615486 0.986488299164487 -0.228104765067571 -0.115289757657114 -0.228104765067571 0.941716162352473
1.16251381004851 0.0487653145138239 -0.120855078606696 0.0487653145138239 0.987179186681163 -0.237880169119492 -0.120855078606696 -0.237880169119492 0.940768770633837
1.17033871581168 0.0516053581778526 -0.126463994799257 0.0516053581778526 0.987976841783537 -0.247635473145747 -0.126463994799257 -0.247635473145747 0.939956226021397
1.17824291512912 0.0545109991592921 -0.132117395786604 0.0545109991592921 0.988880947223572 -0.2573722116343 -0.132117395786604 -0.2573722116343 0.93927796125547
1.18622720408195 0.0574827033146217 -0.137816176048185 0.0574827033146217 0.989891203320236 -0.26709191148282 -0.137816176048185 -0.26709191148282 0.938733432067985
1.19429238862664 0.0605209462996087 -0.143561235121414 0.0605209462996087 0.991007327860318 -0.276796092264389 -0.143561235121414 -0.276796092264389 0.938322117029367
1.20243928469413 0.0636262136192097 -0.149353477732443 0.0636262136192097 0.99222905600233 -0.286486266491274 -0.149353477732443 -0.286486266491274 0.938043517399527
1.21066871829028 0.0667990006789172 -0.155193813927393 0.0667990006789172 0.993556140183456 -0.296163939876809 -0.155193813927393 -0.296163939876809 0.937897156982896
1.21898152559762 0.0700398128375489 -0.161083159204069 0.0700398128375489 0.994988350029542 -0.305830611595451 -0.161083159204069 -0.305830611595451 0.937882581987498
1.22737855307844 0.0733491654614888 -0.167022434644179 0.0733491654614888 0.996525472268087 -0.315487774541039 -0.167022434644179 -0.315487774541039 0.93799936088801
1.23586065757925 0.0767275839803813 -0.173012567046068 0.0767275839803813 0.998167310644227 -0.325136915583307 -0.173012567046068 -0.325136915583307 0.938247084292779
1.24442870643661 0.0801756039442849 -0.179054489058002 0.0801756039442849 0.999913685839675 -0.334779515822703 -0.179054489058002 -0.334779515822703 0.938625364814772
1.25308357758426 0.0836937710822954 -0.18514913931201 0.0836937710822954 1.00176443539461 -0.344417050843559 -0.18514913931201 -0.344417050843559 0.939133836946403
1.26182615966176 0.0872826413626283 -0.191297462558303 0.0872826413626283 1.0037194136325 -0.354050990965646 -0.191297462558303 -0.354050990965646 0.93977215693825
1.27065735212441 0.0909427810541872 -0.197500409800303 0.0909427810541872 1.00577849158778 -0.363682801494176 -0.197500409800303 -0.363682801494176 0.940540002681578
1.27957806535466 0.0946747667896053 -0.203758938430282 0.0946747667896053 1.00794155693648 -0.373313942968274 -0.203758938430282 -0.373313942968274 0.941437073594677
1.28858922077494 0.0984791856297804 -0.210074012365658 0.0984791856297804 1.01020851392967 -0.382945871407996 -0.210074012365658 -0.382945871407996 0.942463090512979
1.29769175096192 0.102356635129894 -0.216446602185933 0.102356635129894 1.01257928332973 -0.392580038559897 -0.216446602185933 -0.392580038559897 0.943617795582907
1.30688659976218 0.106307723406939 -0.222877685270327 0.106307723406939 1.01505380234953 -0.402217892141229 -0.222877685270327 -0.402217892141229 0.944900952159452
1.31617472240951 0.110333069208747 -0.229368245936108 0.110333069208747 1.0176320245943 -0.411860876082786 -0.229368245936108 -0.411860876082786 0.946312344707433
1.32555708564347 0.114433301984531 -0.235919275577644 0.114433301984531 1.0203139200064 -0.421510430770452 -0.235919275577644 -0.421510430770452 0.947851778706429
1.33503466782966 0.118609061956945 -0.242531772806194 0.118609061956945 1.02309947481279 -0.431167993285497 -0.242531772806194 -0.431167993285497 0.949519080559347
1.34460845908134 0.122861000195675 -0.249206743590468 0.122861000195675 1.02598869147527 -0.440834997643645 -0.249206743590468 -0.440834997643645 0.951314097504597
1.35427946138273 0.127189778692558 -0.255945201397964 0.127189778692558 1.02898158864352 -0.450512875032981 -0.255945201397964 -0.450512875032981 0.953236697531867
1.36404868871373 0.131596070438253 -0.262748167337109 0.131596070438253 1.03207820111075 -0.460203054050718 -0.262748167337109 -0.460203054050718 0.955286769301456
1.37391716717629 0.136080559500446 -0.269616670300225 0.136080559500446 1.03527857977219 -0.469906960938873 -0.269616670300225 -0.469906960938873 0.957464222067151
1.38388593512229 0.140643941103633 -0.276551747107336 0.140643941103633 1.03858279158619 -0.479626019818896 -0.276551747107336 -0.479626019818896 0.959768985602626
1.39395604328309 0.145286921710449 -0.283554442650843 0.145286921710449 1.04199091953801 -0.489361652925289 -0.283554442650843 -0.489361652925289 0.962201010131335
1.40412855490061 0.150010219104593 -0.290625810041088 0.150010219104593 1.04550306260635 -0.499115280838254 -0.290625810041088 -0.499115280838254 0.964760266259891
1.41440454586009 0.154814562475317 -0.29776691075281 0.154814562475317 1.04911933573243 -0.50888832271541 -0.29776691075281 -0.50888832271541 0.967446744914886
1.4247851048245 0.159700692503518 -0.304978814772545 0.159700692503518 1.05283986979177 -0.518682196522623 -0.304978814772545 -0.518682196522623 0.970260457283165
1.43527133337056 0.164669361449439 -0.312262600746968 0.164669361449439 1.05666481156867 -0.528498319263989 -0.312262600746968 -0.528498319263989 0.973201434755504
1.44586434612646 0.169721333241964 -0.319619356132198 0.169721333241964 1.06059432373312 -0.538338107210998 -0.319619356132198 -0.538338107210998 0.976269728873691
