0.932754220112287 -0.0246155776041785 0.0166294908747662 -0.0246155776041785 1.04782049855379 0.0166847583993513 0.0166294908747662 0.0166847583993513 1.02437670342692
0.921002733225399 -0.0290511657069195 0.0195594314444709 -0.0290511657069195 1.0569443900044 0.0198332751354185 0.0195594314444709 0.0198332751354185 1.02897834936954
0.909430915859085 -0.0334620104233711 0.0224519689940053 -0.0334620104233711 1.06617611087147 0.023009133860901 0.0224519689940053 0.023009133860901 1.0336188859403
0.898036241677292 -0.0378488361678171 0.0253075782597481 -0.0378488361678171 1.07551655216006 0.0262128568426216 0.0253075782597481 0.0262128568426216 1.03829844868551
0.886816221431588 -0.0422123605423198 0.0281267259452087 -0.0422123605423198 1.08496661738658 0.029444969045732 0.0281267259452087 0.029444969045732 1.04301717680988
0.875768402430863 -0.0465532944726187 0.0309098708227805 -0.0465532944726187 1.09452722266273 0.0327059982046165 0.0309098708227805 0.0327059982046165 1.04777521317553
0.864890368018772 -0.0508723423424468 0.0336574638338659 -0.0508723423424468 1.10419929678089 0.0359964748939285 0.0336574638338659 0.0359964748939285 1.05257270430141
0.854179737058776 -0.0551702021263098 0.036369948187397 -0.0551702021263098 1.11398378130117 0.0393169325997724 0.036369948187397 0.0393169325997724 1.05740980036332
0.843634163426675 -0.059447565520734 0.0390477594567677 -0.059447565520734 1.12388163063994 0.0426679077910479 0.0390477594567677 0.0426679077910479 1.06228665519444
0.833251335510539 -0.0637051180740238 0.0416913256752059 -0.0637051180740238 1.13389381216003 0.0460499399909565 0.0416913256752059 0.0460499399909565 1.06720342628639
0.823028975717915 -0.0679435393145528 0.0443010674296008 -0.0679435393145528 1.14402130626242 0.0494635718486885 0.0443010674296008 0.0494635718486885 1.07216027479074
0.812964839990218 -0.0721635028776033 0.0468773979528065 -0.0721635028776033 1.15426510647954 0.0529093492112976 0.0468773979528065 0.0529093492112976 1.07715736552115
0.803056717324195 -0.0763656766307954 0.0494207232144476 -0.0763656766307954 1.16462621957023 0.0563878211957702 0.0494207232144476 0.0563878211957702 1.08219486695593
0.793302429300359 -0.0805507227981159 0.0519314420102381 -0.0805507227981159 1.17510566561622 0.0598995402613087 0.0519314420102381 0.0598995402613087 1.08727295124118
0.783699829618307 -0.0847192980825828 0.0544099460498408 -0.0847192980825828 1.18570447812026 0.063445062281828 0.0544099460498408 0.063445062281828 1.09239179419438
0.7742468036388 -0.0888720537875599 0.0568566200432814 -0.0888720537875599 1.19642370410587 0.0670249466186795 0.0568566200432814 0.0670249466186795 1.09755157530855
0.764941267932534 -0.0930096359367547 0.0592718417859392 -0.0930096359367547 1.2072644042187 0.0706397561936188 0.0592718417859392 0.0706397561936188 1.10275247775689
0.755781169835477 -0.097132685392915 0.0616559822421323 -0.097132685392915 1.21822765282958 0.0742900575620178 0.0616559822421323 0.0742900575620178 1.10799468839789
0.746764487010713 -0.101241837975253 0.0640094056273149 -0.101241837975253 1.2293145381391 0.0779764209863332 0.0640094056273149 0.0779764209863332 1.11327839778105
0.737889227016662 -0.105337724575619 0.0663324694889061 -0.105337724575619 1.24052616228401 0.0816994205098504 0.0663324694889061 0.0816994205098504 1.11860380015298
0.729153426881616 -0.109420971273442 0.0686255247857666 -0.109420971273442 1.25186364144511 0.0854596340307004 0.0686255247857666 0.0854596340307004 1.12397109346408
0.720555152684476 -0.11349219944947 0.0708889159663433 -0.11349219944947 1.26332810595695 0.0892576433761656 0.0708889159663433 0.0892576433761656 1.12938047937573
0.712092499141621 -0.117552025898321 0.0731229810454954 -0.117552025898321 1.27492070041913 0.0930940343772898 0.0731229810454954 0.0930940343772898 1.1348321632679
0.703763589199813 -0.121601062939879 0.0753280516800228 -0.121601062939879 1.28664258380932 0.0969693969437895 0.0753280516800228 0.0969693969437895 1.14032635424736
0.695566573635038 -0.125639918529538 0.0775044532429104 -0.125639918529538 1.29849492959801 0.100884325139291 0.0775044532429104 0.100884325139291 1.14586326515631
0.687499630657231 -0.129669196367339 0.07965250489631 -0.129669196367339 1.31047892586491 0.104839417256892 0.07965250489631 0.104839417256892 1.15144311258156
0.679560965520757 -0.133689496006003 0.0817725196632643 -0.133689496006003 1.32259577541714 0.108835275895066 0.0817725196632643 0.108835275895066 1.15706611686417
0.67174881014061 -0.137701412957883 0.0838648044982066 -0.137701412957883 1.33484669590908 0.112872508033913 0.0838648044982066 0.112872508033913 1.16273250210961
0.664061422714216 -0.141705538800872 0.0859296603562364 -0.141705538800872 1.34723291996406 0.116951725111772 0.0859296603562364 0.116951725111772 1.16844249619843
0.656497087348769 -0.145702461283258 0.0879673822611929 -0.145702461283258 1.35975569529771 0.121073543102201 0.0879673822611929 0.121073543102201 1.17419633079734
0.649054113694033 -0.149692764427579 0.0899782593725417 -0.149692764427579 1.37241628484315 0.125238582591343 0.0899782593725417 0.125238582591343 1.17999424137092
0.641730836580508 -0.153677028633471 0.0919625750510907 -0.153677028633471 1.38521596687793 0.129447468855668 0.0919625750510907 0.129447468855668 1.1858364671937
0.634525615662907 -0.157655830779544 0.0939206069235441 -0.157655830779544 1.39815603515271 0.133700831940135 0.0939206069235441 0.133700831940135 1.1917232513628
0.627436835068856 -0.161629744324299 0.0958526269459175 -0.161629744324299 1.41123779902187 0.137999306736747 0.0958526269459175 0.137999306736747 1.19765484081108
0.620462903052734 -0.165599339406109 0.0977589014658211 -0.165599339406109 1.42446258357582 0.142343533063536 0.0977589014658211 0.142343533063536 1.20363148632068
0.613602251654607 -0.169565182942281 0.099639691283629 -0.169565182942281 1.43783172977517 0.146734155743977 0.099639691283629 0.146734155743977 1.20965344253719
0.60685333636415 -0.173527838727216 0.101495251712547 -0.173527838727216 1.45134659458675 0.15117182468684 0.101495251712547 0.15117182468684 1.21572096798422
0.600214635789507 -0.177487867529688 0.103325832637594 -0.177487867529688 1.46500855112152 0.155657194966501 0.103325832637594 0.155657194966501 1.22183432507851
0.593684651331014 -0.181445827189264 0.105131678573507 -0.181445827189264 1.47881898877423 0.160190926903706 0.105131678573507 0.160190926903706 1.22799378014547
0.587261906859715 -0.185402272711867 0.106913028721588 -0.185402272711867 1.49277931336512 0.164773686146814 0.106913028721588 0.164773686146814 1.23419960343531
0.580944948400596 -0.189357756364532 0.1086701170255 -0.189357756364532 1.50689094728338 0.169406143753517 0.1086701170255 0.169406143753517 1.24045206913958
0.574732343820481 -0.193312827769327 0.11040317222603 -0.193312827769327 1.52115532963259 0.17408897627306 0.11040317222603 0.17408897627306 1.24675145540823
0.568622682520518 -0.197268033996507 0.112112417914825 -0.197268033996507 1.53557391637803 0.178822865828956 0.112112417914825 0.178822865828956 1.25309804436722
0.562614575133186 -0.201223919656876 0.113798072587126 -0.201223919656876 1.550148180496 0.183608500202224 0.113798072587126 0.183608500202224 1.25949212213648
0.556706653223764 -0.205181026993398 0.115460349693493 -0.205181026993398 1.56487961212502 0.188446572915143 0.115460349693493 0.188446572915143 1.26593397884857
0.550897568996195 -0.209139895972069 0.117099457690554 -0.209139895972069 1.57976971871902 0.193337783315547 0.117099457690554 0.193337783315547 1.27242390866765
0.545185995003289 -0.213101064372063 0.118715600090768 -0.213101064372063 1.59482002520251 0.198282836661662 0.118715600090768 0.198282836661662 1.27896220980903
0.539570623861188 -0.21706506787517 0.120308975511234 -0.21706506787517 1.61003207412775 0.2032824442075 0.120308975511234 0.2032824442075 1.28554918455925
0.534050167968051 -0.221032440154545 0.121879777721545 -0.221032440154545 1.62540742583395 0.208337323288826 0.121879777721545 0.208337323288826 1.29218513929658
0.528623359226889 -0.225003712962785 0.1234281956907 -0.225003712962785 1.64094765860843 0.213448197409687 0.1234281956907 0.213448197409687 1.29887038451207
