0.978826023200087 0.0542411199796572 -0.0149651432118356 0.0542411199796572 1.00345765402221 0.0348029415624271 -0.0149651432118356 0.0348029415624271 1.02266841613
0.975335554765006 0.0640349670904443 -0.0175090510693858 0.0640349670904443 1.00454763980824 0.0412008768015532 -0.0175090510693858 0.0412008768015532 1.02704339144386
0.971965773063302 0.0737804748704647 -0.0199904765624638 0.0737804748704647 1.00577765294902 0.047603166388245 -0.0199904765624638 0.047603166388245 1.03148420331225
0.968715506719478 0.0834792445397596 -0.0224098266519174 0.0834792445397596 1.00714727845759 0.0540108627771894 -0.0224098266519174 0.0540108627771894 1.03599096342729
0.965583606567935 0.0931328634138494 -0.0247674963101296 0.0931328634138494 1.00865612409217 0.0604250153686782 -0.0247674963101296 0.0604250153686782 1.0405637918349
0.962568945385478 0.102742905199938 -0.0270638686259655 0.102742905199938 1.01030382020362 0.066846670681948 -0.0270638686259655 0.066846670681948 1.0452028169142
0.959670417628218 0.112310930289839 -0.0292993149074696 0.112310930289839 1.01209001958701 0.0732768725273879 -0.0292993149074696 0.0732768725273879 1.04990817535816
0.956886939172832 0.121838486049692 -0.0314741947823439 0.121838486049692 1.0140143973372 0.0797166621776424 -0.0314741947823439 0.0797166621776424 1.05468001215565
0.9542174470621 0.131327107106516 -0.0335888562962279 0.131327107106516 1.01607665070832 0.0861670785376406 -0.0335888562962279 0.0861670785376406 1.05951848057478
0.951660899254693 0.140778315631659 -0.0356436360088087 0.140778315631659 1.01827649897724 0.0926291583135813 -0.0356436360088087 0.0926291583135813 1.06442374214752
0.949216274379128 0.150193621621198 -0.0376388590877782 0.150193621621198 1.02061368331094 0.099103936180904 -0.0376388590877782 0.099103936180904 1.06939596665567
0.94688257149186 0.159574523173355 -0.0395748394006669 0.159574523173355 1.0230879666377 0.10559244495128 -0.0395748394006669 0.10559244495128 1.07443533211801
0.944658809839433 0.168922506762966 -0.0414518796045711 0.168922506762966 1.02569913352216 0.112095715738641 -0.0414518796045711 0.112095715738641 1.0795420247789
0.942544028624664 0.178239047513065 -0.0432702712338001 0.178239047513065 1.02844699004409 0.118614778124293 -0.0432702712338001 0.118614778124293 1.08471623909797
0.940537286776783 0.187525609463646 -0.0450302947854624 0.187525609463646 1.03133136368105 0.125150660321122 -0.0450302947854624 0.125150660321122 1.08995817774125
0.938637662725497 0.196783645837632 -0.0467322198030121 0.196783645837632 1.03435210319464 0.131704389336942 -0.0467322198030121 0.131704389336942 1.09526805157342
0.936844254178915 0.206014599304127 -0.0483763049577792 0.206014599304127 1.03750907852049 0.138276991136996 -0.0483763049577792 0.138276991136996 1.10064607965138
0.935156177905295 0.215219902238986 -0.0499627981285018 0.215219902238986 1.04080218066196 0.14486949080565 -0.0499627981285018 0.14486949080565 1.10609248921909
0.933572569518552 0.224400976982755 -0.0514919364788789 0.224400976982755 1.04423132158737 0.1514829127073 -0.0514919364788789 0.1514829127073 1.11160751570363
0.932092583267494 0.233559236096048 -0.0529639465331704 0.233559236096048 1.04779643413091 0.158118280646525 -0.0529639465331704 0.158118280646525 1.11719140271244
0.930715391828724 0.242696082612377 -0.0543790442498518 0.242696082612377 1.05149747189707 0.164776618027512 -0.0543790442498518 0.164776618027512 1.1228444020319
0.929440186103174 0.251812910288518 -0.0557374350933559 0.251812910288518 1.05533440916865 0.171458948012778 -0.0557374350933559 0.171458948012778 1.12856677362706
0.928266175016211 0.260911103852444 -0.0570393141039114 0.260911103852444 1.05930724081822 0.178166293681218 -0.0570393141039114 0.178166293681218 1.1343587856426
0.927192585321295 0.269992039248865 -0.0582848659654998 0.269992039248865 1.06341598222312 0.184899678185505 -0.0582848659654998 0.184899678185505 1.14022071440505
0.92621866140711 0.279057083882448 -0.059474265071945 0.279057083882448 1.06766066918389 0.19166012490887 -0.059474265071945 0.19166012490887 1.14615284442613
0.925343665108154 0.288107596858727 -0.0606076755911605 0.288107596858727 1.07204135784613 0.198448657621283 -0.0606076755911605 0.198448657621283 1.15215546840744
0.924566875518737 0.297144929222791 -0.0616852515275622 0.297144929222791 1.07655812462578 0.205266300635078 -0.0616852515275622 0.205266300635078 1.15822888724619
0.923887588810329 0.306170424195752 -0.0627071367826748 0.306170424195752 1.08121106613773 0.212114078960013 -0.0627071367826748 0.212114078960013 1.16437341004227
0.923305118052245 0.315185417409074 -0.0636734652139319 0.315185417409074 1.08600029912785 0.218993018457838 -0.0636734652139319 0.218993018457838 1.1705893541064
0.922818793035603 0.324191237136788 -0.0645843606917062 0.324191237136788 1.09092596040833 0.225904145996353 -0.0645843606917062 0.225904145996353 1.17687704496956
0.922427960100518 0.333189204525636 -0.0654399371545676 0.333189204525636 1.09598820679626 0.232848489603011 -0.0654399371545676 0.232848489603011 1.18323681639358
0.922131981966512 0.3421806338232 -0.0662402986627983 0.3421806338232 1.1011872150556 0.239827078618071 -0.0662402986627983 0.239827078618071 1.18966901038284
0.921930237566072 0.351166832604045 -0.0669855394501676 0.351166832604045 1.10652318184233 0.246840943847347 -0.0669855394501676 0.246840943847347 1.1961739771973
0.921822121881342 0.360149101993932 -0.067675743973994 0.360149101993932 1.11199632365288 0.253891117714558 -0.067675743973994 0.253891117714558 1.20275207536659
0.921807045783896 0.369128736892125 -0.0683109869635002 0.369128736892125 1.11760687677577 0.260978634413312 -0.0683109869635002 0.260978634413312 1.20940367170527
0.921884435877564 0.378107026191854 -0.0688913334664747 0.378107026191854 1.12335509724643 0.268104530058752 -0.0688913334664747 0.268104530058752 1.21612914132938
0.922053734344272 0.387085252998959 -0.0694168388942644 0.387085252998959 1.12924126080524 0.275269842838886 -0.0694168388942644 0.275269842838886 1.22292886767402
0.92231439879286 0.396064694848764 -0.0698875490650963 0.396064694848764 1.13526566285868 0.28247561316562 -0.0698875490650963 0.28247561316562 1.22980324251221
0.922665902110837 0.405046623921216 -0.0703035002457572 0.405046623921216 1.14142861844365 0.289722883825525 -0.0703035002457572 0.289722883825525 1.23675266597482
0.923107732319059 0.414032307254331 -0.07066471919163 0.414032307254331 1.14773046219493 0.297012700130359 -0.07066471919163 0.297012700130359 1.24377754657177
0.923639392429261 0.423023006955995 -0.0709712231851103 0.423023006955995 1.15417154831567 0.304346110067373 -0.0709712231851103 0.304346110067373 1.25087830121427
0.924260400304448 0.432019980414133 -0.0712230200724114 0.432019980414133 1.16075225055108 0.311724164449409 -0.0712230200724114 0.311724164449409 1.25805535523836
0.924970288522086 0.441024480505323 -0.0714201082987675 0.441024480505323 1.16747296216508 0.319147917064835 -0.0714201082987675 0.319147917064835 1.26530914242948
0.925768604240071 0.45003775580185 -0.0715624769420512 0.45003775580185 1.17433409592008 0.326618424827329 -0.0715624769420512 0.326618424827329 1.27264010504827
0.926654909065437 0.45906105077728 -0.0716501057448125 0.45906105077728 1.18133608405977 0.334136747925532 -0.0716501057448125 0.334136747925532 1.28004869385756
0.927628778925793 0.468095606010556 -0.0716829651447575 0.468095606010556 1.18847937829493 0.3417039499726 -0.0716829651447575 0.3417039499726 1.28753536815041
0.928689803943416 0.477142658388667 -0.0716610163036654 0.477142658388667 1.19576444979227 0.349321098155679 -0.0716610163036654 0.349321098155679 1.29510059577941
0.929837588312028 0.486203441307946 -0.0715842111347697 0.486203441307946 1.20319178916626 0.356989263385318 -0.0715842111347697 0.356989263385318 1.30274485318709
0.931071750176169 0.495279184873988 -0.0714524923286022 0.495279184873988 1.21076190647391 0.364709520444852 -0.0714524923286022 0.364709520444852 1.31046862543748
0.932391921513185 0.50437111610027 -0.0712657933773135 0.50437111610027 1.21847533121256 0.372482948139771 -0.0712657933773135 0.372482948139771 1.31827240624885
