1.03172870613383 0.0349677072158364 -0.0260977511219184 0.0349677072158364 0.992295647568155 0.0470236354007655 -0.0260977511219184 0.0470236354007655 0.980916361018535
1.03787164080872 0.0413432590830773 -0.0307446920472755 0.0413432590830773 0.991264758299431 0.0554178985566534 -0.0307446920472755 0.0554178985566534 0.977771313175183
1.04411298648139 0.0477068138711095 -0.0353480823593136 0.0477068138711095 0.990350742186482 0.0637403007178749 -0.0353480823593136 0.0637403007178749 0.97473480137256
1.05045300456395 0.0540594111484784 -0.0399086734447449 0.0540594111484784 0.989552691811736 0.0719922004309248 -0.0399086734447449 0.0719922004309248 0.971805571230969
1.05689196833042 0.0604020838018078 -0.0444272059874637 0.0604020838018078 0.988869719969745 0.0801749380496773 -0.0444272059874637 0.0801749380496773 0.968982388734873
1.06343016288772 0.0667358582179683 -0.0489044101257406 0.0667358582179683 0.988300959429706 0.0882898360145671 -0.0489044101257406 0.0882898360145671 0.966264039943639
1.07006788514843 0.0730617544643649 -0.0533410056070805 0.0730617544643649 0.987845562702016 0.0963381991277378 -0.0533410056070805 0.0963381991277378 0.963649330706618
1.07680544380532 0.0793807864673802 -0.0577377019407777 0.0793807864673802 0.987502701808812 0.104321314824217 -0.0577377019407777 0.104321314824217 0.961137086382464
1.08364315930763 0.08569396218901 -0.0620951985481983 0.08569396218901 0.987271568058444 0.112240453439175 -0.0620951985481983 0.112240453439175 0.958726151562657
1.09058136383915 0.0920022838017238 -0.0664141849108275 0.0920022838017238 0.987151371823809 0.120096868471328 -0.0664141849108275 0.120096868471328 0.956415389799139
1.09762040129791 0.0983067478615858 -0.0706953407161099 0.0983067478615858 0.98714134232452 0.12789179684254 -0.0706953407161099 0.12789179684254 0.954203683336036
1.10476062727775 0.104608345479663 -0.074939336001121 0.104608345479663 0.98724072741285 0.135626459153689 -0.074939336001121 0.135626459153689 0.952089932845384
1.11200240905143 0.110908062491769 -0.0791468312940942 0.110908062491769 0.987448793363384 0.143302059936831 -0.0791468312940942 0.143302059936831 0.9500730571668
1.11934612555557 0.11720687962656 -0.0833184777538393 0.11720687962656 0.987764824666356 0.15091978790375 -0.0833184777538393 0.15091978790375 0.948151993051055
1.1267921673772 0.123505772672019 -0.0874549173070829 0.123505772672019 0.988188123824608 0.158480816190915 -0.0874549173070829 0.158480816190915 0.946325694907481
1.13434093674202 0.129805712640373 -0.0915567827837587 0.129805712640373 0.988718011154114 0.16598630260092 -0.0915567827837587 0.16598630260092 0.944593134555155
1.14199284750427 0.136107665931454 -0.0956246980502795 0.136107665931454 0.989353824588043 0.173437389840451 -0.0956246980502795 0.173437389840451 0.942953300977812
1.14974832513832 0.142412594494554 -0.0996592781408193 0.142412594494554 0.990094919484306 0.180835205754824 -0.0996592781408193 0.180835205754824 0.941405200082428
1.15760780673186 0.148721455988787 -0.103661129386634 0.148721455988787 0.990940668436526 0.188180863559167 -0.103661129386634 0.188180863559167 0.939947854461414
1.1655717409807 0.155035203942009 -0.107630849543453 0.155035203942009 0.991890461088411 0.195475462066271 -0.107630849543453 0.195475462066271 0.938580303158385
1.17364058818527 0.161354787908303 -0.11156902791696 0.161354787908303 0.992943703951465 0.202720085911171 -0.11156902791696 0.202720085911171 0.93730160143743
1.18181482024865 0.167681153624081 -0.115476245486403 0.167681153624081 0.994099820226009 0.209915805772517 -0.115476245486403 0.209915805772517 0.936110820555848
1.19009492067622 0.174015243162815 -0.119353075026356 0.174015243162815 0.995358249625461 0.217063678590755 -0.119353075026356 0.217063678590755 0.935007047540295
1.19848138457696 0.180357995088432 -0.123200081226652 0.180357995088432 0.996718448203823 0.224164747783196 -0.123200081226652 0.224164747783196 0.933989384966283
1.20697471866627 0.186710344607408 -0.127017820810522 0.186710344607408 0.998179888186363 0.231220043455998 -0.127017820810522 0.231220043455998 0.933056950741006
1.21557544127037 0.193073223719574 -0.13080684265097 0.193073223719574 0.999742057803414 0.238230582613116 -0.13080684265097 0.238230582613116 0.932208877889409
1.22428408233232 0.199447561367684 -0.134567687885396 0.199447561367684 1.00140446112728 0.245197369362265 -0.134567687885396 0.245197369362265 0.931444314343483
1.23310118341959 0.20583428358575 -0.1383008900285 0.20583428358575 1.00316661791218 0.252121395117936 -0.1383008900285 0.252121395117936 0.930762422734734
1.24202729773311 0.212234313646181 -0.142006975083498 0.212234313646181 1.00502806343726 0.259003638801518 -0.142006975083498 0.259003638801518 0.930162380189755
1.25106299011794 0.218648572205763 -0.145686461651664 0.218648572205763 1.00698834835248 0.26584506703856 -0.145686461651664 0.26584506703856 0.929643378128894
1.2602088370755 0.225077977450483 -0.149339861040226 0.225077977450483 1.00904703852758 0.272646634353218 -0.149339861040226 0.272646634353218 0.929204622067941
1.26946542677722 0.231523445239252 -0.152967677368639 0.231523445239252 1.0112037149038 0.279409283359932 -0.152967677368639 0.279409283359932 0.928845331422805
1.27883335907986 0.237985889246526 -0.156570407673265 0.237985889246526 1.01345797334861 0.286133944952376 -0.156570407673265 0.286133944952376 0.928564739317137
1.28831324554222 0.244466221103868 -0.160148542010471 0.244466221103868 1.01580942451315 0.292821538489715 -0.160148542010471 0.292821538489715 0.928362092392849
1.29790570944346 0.250965350540476 -0.163702563558181 0.250965350540476 1.01825769369254 0.299472971980214 -0.163702563558181 0.299472971980214 0.928236650623494
1.30761138580287 0.257484185522687 -0.167232948715891 0.257484185522687 1.02080242068893 0.306089142262235 -0.167232948715891 0.306089142262235 0.928187687130467
1.31743092140116 0.264023632392505 -0.17074016720318 0.264023632392505 1.02344325967727 0.31267093518267 -0.17074016720318 0.31267093518267 0.928214488001967
1.32736497480327 0.270584596005156 -0.174224682156737 0.270584596005156 1.02617987907377 0.319219225772839 -0.174224682156737 0.319219225772839 0.928316352114712
1.33741421638259 0.277167979865709 -0.177686950225912 0.277167979865709 1.02901196140703 0.325734878421892 -0.177686950225912 0.325734878421892 0.928492590958335
1.34757932834681 0.283774686264776 -0.181127421666843 0.283774686264776 1.03193920319182 0.332218747047758 -0.181127421666843 0.332218747047758 0.928742528462444
1.3578610047651 0.290405616413333 -0.184546540435133 0.290405616413333 1.03496131480537 0.338671675265671 -0.184546540435133 0.338671675265671 0.929065500826295
1.36825995159685 0.297061670576657 -0.187944744277153 0.297061670576657 1.03807802036635 0.34509449655432 -0.187944744277153 0.34509449655432 0.929460856351046
1.37877688672191 0.303743748207429 -0.191322464819938 0.303743748207429 1.04128905761627 0.351488034419643 -0.191322464819938 0.351488034419643 0.929927955274552
1.38941253997219 0.310452748078018 -0.194680127659736 0.310452748078018 1.04459417780345 0.357853102556313 -0.194680127659736 0.357853102556313 0.930466169608662
1.40016765316485 0.317189568411955 -0.198018152449209 0.317189568411955 1.04799314556943 0.364190505006948 -0.198018152449209 0.364190505006948 0.931074882978988
1.41104298013689 0.323955107014647 -0.201336952983306 0.323955107014647 1.05148573883785 0.370501036319077 -0.201336952983306 0.370501036319077 0.931753490467104
1.42203928678115 0.330750261403323 -0.204636937283838 0.330750261403323 1.0550717487057 0.376785481699893 -0.204636937283838 0.376785481699893 0.93250139845514
1.43315735108391 0.337575928936259 -0.207918507682764 0.337575928936259 1.05875097933702 0.383044617168836 -0.207918507682764 0.383044617168836 0.933318024472744
1.44439796316377 0.344433006941288 -0.211182060904207 0.344433006941288 1.06252324785888 0.389279209708029 -0.211182060904207 0.389279209708029 0.93420279704636
1.45576192531214 0.351322392843626 -0.214427988145222 0.351322392843626 1.06638838425979 0.395490017410602 -0.214427988145222 0.395490017410602 0.935155155550811
