1.00142360563853 0.0129365415266906 0.0437862357396871 0.0129365415266906 1.04643850594355 0.0291840101656526 0.0437862357396871 0.0291840101656526 0.957113551171578
1.00191309436652 0.0155168129607494 0.0516660075924446 0.0155168129607494 1.0553077468556 0.0346128621117011 0.0516660075924446 0.0346128621117011 0.949744839370317
1.00247270377141 0.0181614892485485 0.0594986077077574 0.0181614892485485 1.06428523537187 0.0400652211487147 0.0594986077077574 0.0400652211487147 0.942529965734829
1.00310220023405 0.0208710109881933 0.0672853391130162 0.0208710109881933 1.07337213896513 0.0455419947710243 0.0672853391130162 0.0455419947710243 0.935467403576763
1.00380136172941 0.0236458288398482 0.075027494542298 0.0236458288398482 1.0825696406083 0.0510440928027259 0.075027494542298 0.0510440928027259 0.928555654236472
1.00456997776626 0.0264864035804569 0.0827263566692287 0.0264864035804569 1.09187893893799 0.0565724275430108 0.0827263566692287 0.0565724275430108 0.921793246780606
1.00540784932888 0.0293932061600201 0.090383198337725 0.0293932061600201 1.1013012484203 0.0621279139116168 0.090383198337725 0.0621279139116168 0.915178737704879
1.00631478882086 0.0323667177594393 0.0979992827906653 0.0323667177594393 1.11083779951886 0.0677114695944216 0.0979992827906653 0.0677114695944216 0.908710710641923
1.00729062001076 0.0354074298499231 0.105575863896519 0.0354074298499231 1.12048983886525 0.0733240151892028 0.105575863896519 0.0733240151892028 0.902387776074208
1.0083351779798 0.0385158442539821 0.113114186373987 0.0385158442539821 1.13025862943164 0.0789664743515892 0.113114186373987 0.0789664743515892 0.896208571051928
1.00944830907159 0.0416924732079968 0.120615486014693 0.0416924732079968 1.14014545070585 0.0846397739412253 0.120615486014693 0.0846397739412253 0.890171758915841
1.01062987084364 0.0449378394263805 0.128080989903954 0.0449378394263805 1.15015159886875 0.0903448441681732 0.128080989903954 0.0903448441681732 0.884276029024967
1.011879732021 0.0482524761673409 0.135511916639684 0.0482524761673409 1.16027838697407 0.0960826187395767 0.135511916639684 0.0960826187395767 0.878520096489122
1.01319777245171 0.0516369273002464 0.142909476549472 0.0516369273002464 1.17052714513059 0.10185403500661 0.142909476549472 0.10185403500661 0.872902701906211
1.01458388306418 0.0550917473746032 0.150274871905857 0.0550917473746032 1.18089922068682 0.107660034111732 0.150274871905857 0.107660034111732 0.867422611104237
1.01603796582651 0.058617501690661 0.157609297139854 0.058617501690661 1.19139597841816 0.113501561136281 0.157609297139854 0.113501561136281 0.862078614887987
1.0175599337077 0.0622147663716444 0.164913939052766 0.0622147663716444 1.20201880071647 0.119379565248412 0.164913939052766 0.119379565248412 0.856869528790312
1.01914971064071 0.0658841284376195 0.172189977026318 0.0658841284376195 1.21276908778226 0.125294999851428 0.172189977026318 0.125294999851428 0.851794192827982
1.02080723148746 0.0696261858810172 0.179438583231153 0.0696261858810172 1.22364825781939 0.131248822732502 0.179438583231153 0.131248822732502 0.846851471262053
1.02253244200563 0.0734415477438076 0.186660922833728 0.0734415477438076 1.23465774723234 0.137241996211832 0.186660922833728 0.137241996211832 0.842040252362696
1.02432529881735 0.0773308341963392 0.193858154201639 0.0773308341963392 1.24579901082605 0.143275487292248 0.193858154201639 0.143275487292248 0.837359448178446
1.02618576937975 0.0812946766178611 0.201031429107431 0.0812946766178611 1.2570735220085 0.149350267809288 0.201031429107431 0.149350267809288 0.832807994309825
1.02811383195731 0.0853337176787218 0.208181892930904 0.0853337176787218 1.26848277299581 0.155467314581774 0.208181892930904 0.155467314581774 0.828384849687279
1.0301094755961 0.0894486114242728 0.215310684859981 0.0894486114242728 1.28002827502015 0.161627609562913 0.215310684859981 0.161627609562913 0.824088996353412
1.03217270009979 0.0936400233604726 0.222418938090137 0.0936400233604726 1.29171155854024 0.167832139991936 0.222418938090137 0.167832139991936 0.819919439249439
1.03430351600751 0.0979086305412134 0.229507780022462 0.0979086305412134 1.30353417345476 0.174081898546316 0.229507780022462 0.174081898546316 0.815875206005841
1.03650194457348 0.102255121657368 0.236578332460374 0.102255121657368 1.31549768931836 0.180377883494568 0.236578332460374 0.180377883494568 0.811955346737165
1.0387680177485 0.106680197127586 0.243631711805012 0.106680197127586 1.32760369556058 0.186721098849681 0.243631711805012 0.186721098849681 0.808158933840936
1.04110177816321 0.111184569190833 0.250669029249358 0.111184569190833 1.3398538017076 0.193112554523176 0.250669029249358 0.193112554523176 0.804485061800626
1.04350327911309 0.115768962000698 0.257691390971114 0.115768962000698 1.35224963760682 0.199553266479839 0.257691390971114 0.199553266479839 0.800932846992661
1.04597258454532 0.120434111721471 0.264699898324372 0.120434111721471 1.36479285365438 0.206044256893139 0.264699898324372 0.206044256893139 0.797501427497398
1.04850976904741 0.125180766626007 0.271695648030103 0.125180766626007 1.37748512102554 0.212586554301366 0.271695648030103 0.212586554301366 0.794189962914067
1.05111491783751 0.130009687195403 0.278679732365517 0.130009687195403 1.39032813190811 0.219181193764498 0.278679732365517 0.219181193764498 0.790997634179605
1.05378812675661 0.134921646220462 0.285653239352298 0.134921646220462 1.4033235997388 0.225829217021839 0.285653239352298 0.225829217021839 0.787923643391373
1.05652950226243 0.139917428905006 0.292617252943781 0.139917428905006 1.41647325944265 0.232531672650432 0.292617252943781 0.232531672650432 0.784967213633696
1.05933916142507 0.14499783297102 0.299572853211077 0.14499783297102 1.4297788676755 0.239289616224304 0.299572853211077 0.239289616224304 0.78212758880821
1.06221723192445 0.150163668765643 0.306521116528192 0.150163668765643 1.44324220306953 0.246104110474523 0.306521116528192 0.246104110474523 0.779404033467973
1.06516385204946 0.155415759370034 0.313463115756171 0.155415759370034 1.45686506648195 0.252976225450131 0.313463115756171 0.252976225450131 0.776795832655286
1.0681791706989 0.160754940710108 0.320399920426294 0.160754940710108 1.4706492812469 0.25990703867996 0.320399920426294 0.25990703867996 0.774302291743233
1.07126334738409 0.166182061669183 0.327332596922364 0.166182061669183 1.48459669343043 0.266897635335349 0.327332596922364 0.266897635335349 0.771922736280861
1.0744165522333 0.171697984202526 0.334262208662113 0.171697984202526 1.49870917208887 0.273949108393817 0.334262208662113 0.273949108393817 0.769656511842
1.07763896599789 0.177303583453815 0.341189816277754 0.177303583453815 1.5129886095303 0.281062558803666 0.341189816277754 0.281062558803666 0.767502983877663
1.08093078006015 0.182999747873569 0.348116477795728 0.182999747873569 1.52743692157947 0.288239095649601 0.348116477795728 0.288239095649601 0.765461537572034
1.08429219644291 0.188787379339506 0.355043248815648 0.188787379339506 1.54205604784601 0.295479836319336 0.355043248815648 0.295479836319336 0.763531577701961
1.08772342782088 0.194667393278887 0.361971182688506 0.194667393278887 1.55684795199596 0.302785906671257 0.361971182688506 0.302785906671257 0.76171252849998
1.09122469753369 0.200640718792848 0.368901330694136 0.200640718792848 1.57181462202685 0.310158441203121 0.368901330694136 0.310158441203121 0.760003833520781
1.0947962396007 0.20670829878273 0.375834742218004 0.20670829878273 1.58695807054612 0.317598583221874 0.375834742218004 0.317598583221874 0.758404955511156
1.09843829873749 0.212871090078438 0.382772464927314 0.212871090078438 1.60228033505308 0.325107485014554 0.382772464927314 0.325107485014554 0.756915376283323
1.10215113037412 0.219130063568832 0.3897155449465 0.219130063568832 1.61778347822444 0.33268630802035 0.3897155449465 0.33268630802035 0.755534596591676
1.10593500067508 0.225486204334182 0.3966650270321 0.225486204334182 1.63346958820334 0.340336223003819 0.3966650270321 0.340336223003819 0.75426213601287
