1.00158490426003 0.056351449941852 0.0146862302473687 0.056351449941852 0.966033412794679 -0.0121790091071389 0.0146862302473687 -0.0121790091071389 1.03731697874698
1.00224836507471 0.0664759777762301 0.0173691010020858 0.0664759777762301 0.960289849559659 -0.0143287559587626 0.0173691010020858 -0.0143287559587626 1.04436050929125
1.00302555307766 0.0765346159304574 0.0200485388574366 0.0765346159304574 0.954695502462682 -0.0164523264580503 0.0200485388574366 -0.0164523264580503 1.05146361636728
1.00391576982857 0.0865290019562626 0.0227249803077327 0.0865290019562626 0.949248635650007 -0.0185500660798466 0.0227249803077327 -0.0185500660798466 1.05862663114535
1.0049183352633 0.0964607542716911 0.0253988591262359 0.0964607542716911 0.943947542712684 -0.0206223141955257 0.0253988591262359 -0.0206223141955257 1.06584988899954
1.00603258748592 0.106331472486598 0.0280706064406276 0.106331472486598 0.938790546277407 -0.022669404151469 0.0280706064406276 -0.022669404151469 1.07313372951455
1.00725788256435 0.116142737723626 0.0307406508076732 0.116142737723626 0.933775997603645 -0.0246916633462461 0.0307406508076732 -0.0246916633462461 1.08047849649303
1.00859359432967 0.125896112934763 0.0334094182870995 0.125896112934763 0.928902276187003 -0.0266894133065222 0.0334094182870995 -0.0266894133065222 1.08788453796329
1.01003911417882 0.135593143213519 0.0360773325146956 0.135593143213519 0.924167789368679 -0.0286629697617026 0.0360773325146956 -0.0286629697617026 1.09535220618748
1.01159385088087 0.145235356102818 0.0387448147746533 0.145235356102818 0.919570971950963 -0.0306126427173394 0.0387448147746533 -0.0306126427173394 1.10288185767012
1.01325723038667 0.154824261898649 0.041412284071162 0.154824261898649 0.915110285818663 -0.0325387365273124 0.041412284071162 -0.0325387365273124 1.11047385316717
1.01502869564192 0.164361353949554 0.0440801571992726 0.164361353949554 0.910784219566386 -0.0344415499648011 0.0440801571992726 -0.0344415499648011 1.11812855769538
1.01690770640351 0.17384810895202 0.0467488488150388 0.17384810895202 0.906591288131593 -0.0363213762920684 0.0467488488150388 -0.0363213762920684 1.12584634054219
1.01889373905921 0.183285987241823 0.0494187715049608 0.183285987241823 0.90253003243332 -0.0381785033290676 0.0494187715049608 -0.0381785033290676 1.13362757527594
1.02098628645059 0.192676433081409 0.0520903358547291 0.192676433081409 0.898599019016526 -0.0400132135208927 0.0520903358547291 -0.0400132135208927 1.14147263975657
1.02318485769913 0.202020874943349 0.0547639505172956 0.202020874943349 0.89479683970193 -0.0418257840040853 0.0547639505172956 -0.0418257840040853 1.1493819161467
1.02548897803548 0.211320725789957 0.0574400222802814 0.211320725789957 0.891122111241315 -0.0436164866718141 0.0574400222802814 -0.0436164866718141 1.15735579092311
1.02789818863188 0.220577383349102 0.0601189561327281 0.220577383349102 0.887573474978169 -0.045385588237943 0.0601189561327281 -0.045385588237943 1.16539465488868
1.0304120464376 0.229792230386301 0.0628011553312098 0.229792230386301 0.884149596513627 -0.0471333503000052 0.0628011553312098 -0.0471333503000052 1.17349890318467
1.03303012401747 0.238966634973122 0.0654870214653238 0.238966634973122 0.880849165377604 -0.0488600294010917 0.0654870214653238 -0.0488600294010917 1.18166893530344
1.03575200939335 0.248101950751989 0.0681769545225629 0.248101950751989 0.877670894705068 -0.0505658770906738 0.0681769545225629 -0.0505658770906738 1.1899051551016
1.03857730588858 0.257199517197412 0.0708713529525848 0.257199517197412 0.87461352091737 -0.0522511399843778 0.0708713529525848 -0.0522511399843778 1.19820797081354
1.04150563197538 0.266260659873717 0.0735706137308962 0.266260659873717 0.871675803408545 -0.0539160598227139 0.0735706137308962 -0.0539160598227139 1.20657779506533
1.04453662112504 0.275286690689335 0.0762751324219558 0.275286690689335 0.868856524236542 -0.0555608735287864 0.0762751324219558 -0.0555608735287864 1.21501504488908
1.04766992166106 0.284278908147683 0.0789853032417135 0.284278908147683 0.866154487819276 -0.0571858132649896 0.0789853032417135 -0.0571858132649896 1.22352014173768
1.05090519661498 0.293238597594719 0.0817015191195917 0.293238597594719 0.863568520635463 -0.0587911064887114 0.0817015191195917 -0.0587911064887114 1.2320935114999
1.05424212358508 0.302167031463194 0.0844241717599292 0.302167031463194 0.861097470930151 -0.0603769760070467 0.0844241717599292 -0.0603769760070467 1.24073558451595
1.05768039459772 0.311065469513677 0.0871536517028897 0.311065469513677 0.858740208424888 -0.0619436400305462 0.0871536517028897 -0.0619436400305462 1.24944679559339
1.06121971597144 0.319935159072394 0.0898903483848535 0.319935159072394 0.856495624032449 -0.0634913122260023 0.0898903483848535 -0.0634913122260023 1.25822758402347
1.06485980818369 0.328777335265926 0.0926346501982964 0.328777335265926 0.854362629576072 -0.0650202017682928 0.0926346501982964 -0.0650202017682928 1.26707839359782
1.06860040574019 0.337593221252834 0.0953869445511754 0.337593221252834 0.852340157513129 -0.0665305133912948 0.0953869445511754 -0.0665305133912948 1.27599967262558
1.07244125704688 0.346384028452236 0.0981476179258235 0.346384028452236 0.850427160663164 -0.0680224474378686 0.0981476179258235 -0.0680224474378686 1.28499187395091
1.07638212428444 0.355150956769404 0.10091705593737 0.355150956769404 0.848622611940247 -0.0694961999089459 0.10091705593737 -0.0694961999089459 1.29405545497087
1.08042278328529 0.363895194818418 0.103695643391696 0.363895194818418 0.846925504089569 -0.0709519625117104 0.103695643391696 -0.0709519625117104 1.3031908776537
1.08456302341318 0.37261792014193 0.106483764342933 0.37261792014193 0.845334849428238 -0.0723899227069026 0.106483764342933 -0.0723899227069026 1.31239860855754
1.08880264744516 0.38132029942808 0.109281802150516 0.38132029942808 0.843849679590174 -0.073810263755245 0.109281802150516 -0.073810263755245 1.32167911884944
1.09314147145595 0.39000348872461 0.112090139535805 0.39000348872461 0.842469045275106 -0.0752131647630089 0.112090139535805 -0.0752131647630089 1.33103288432486
1.09757932470488 0.398668633650225 0.114909158638279 0.398668633650225 0.841192016001549 -0.0765988007267297 0.114909158638279 -0.0765988007267297 1.34046038542752
1.10211604952495 0.407316869603241 0.117739241071316 0.407316869603241 0.840017679863753 -0.0779673425770822 0.117739241071316 -0.0779673425770822 1.34996210726959
1.1067515012145 0.415949321967566 0.120580767977573 0.415949321967566 0.838945143292536 -0.0793189572219277 0.120580767977573 -0.0793189572219277 1.35953853965237
1.11148554793094 0.424567106316057 0.12343412008396 0.424567106316057 0.837973530819962 -0.0806538075885419 0.12343412008396 -0.0806538075885419 1.36919017708726
1.11631807058698 0.433171328611292 0.126299677756241 0.433171328611292 0.837101984847801 -0.0819720526650339 0.126299677756241 -0.0819720526650339 1.37891751881718
1.12124896274896 0.441763085403807 0.129177821053255 0.441763085403807 0.836329665419725 -0.0832738475409717 0.129177821053255 -0.0832738475409717 1.38872106883833
1.12627813053747 0.45034346402783 0.132068929780762 0.45034346402783 0.835655749997178 -0.0845593434472151 0.132068929780762 -0.0845593434472151 1.39860133592242
1.1314054925302 0.458913542794557 0.134973383544948 0.458913542794557 0.835079433238872 -0.0858286877949744 0.134973383544948 -0.0858286877949744 1.40855883363915
1.1366309796669 0.467474391183017 0.137891561805568 0.467474391183017 0.834599926783859 -0.0870820242140998 0.137891561805568 -0.0870820242140998 1.41859408037921
1.14195453515653 0.476027070028544 0.14082384392876 0.476027070028544 0.834216459038127 -0.0883194925906119 0.14082384392876 -0.0883194925906119 1.4287075993776
1.14737611438651 0.48457263170893 0.143770609239522 0.48457263170893 0.833928274964667 -0.0895412291034856 0.143770609239522 -0.0895412291034856 1.43889991873734
1.15289568483408 0.493112120328255 0.146732237073872 0.493112120328255 0.833734635876965 -0.0907473662606934 0.146732237073872 -0.0907473662606934 1.44917157145358
1.15851322597974 0.501646571898474 0.1497091068307 0.501646571898474 0.833634819235877 -0.091938032934518 0.1497091068307 -0.091938032934518 1.45952309543807
