1.03942767964035 0.0419517301959914 -0.032894242576693 0.0419517301959914 0.950086606461951 0.00321389295560487 -0.032894242576693 0.00321389295560487 1.0154813062878
1.04714163774673 0.0495916992432552 -0.0391127432467018 0.0495916992432552 0.94138949651149 0.00364180765370684 -0.0391127432467018 0.00364180765370684 1.0184676036458
1.05500507570757 0.0572145554631755 -0.0453886534081282 0.0572145554631755 0.932834553806289 0.00401952672853977 -0.0453886534081282 0.00401952672853977 1.02149924276915
1.06301923542418 0.0648215804007567 -0.051723028297102 0.0648215804007567 0.924420259924886 0.00434711358651051 -0.051723028297102 0.00434711358651051 1.02457665302128
1.07118538358356 0.0724140523182082 -0.0581169325046905 0.0724140523182082 0.916145120853035 0.0046246231492611 -0.0581169325046905 0.0046246231492611 1.02770027124076
1.07950481185986 0.0799932464117921 -0.0645714401517317 0.0799932464117921 0.908007666720432 0.00485210186696322 -0.0645714401517317 0.00485210186696322 1.0308705418113
1.08797883712006 0.0875604350280373 -0.0710876350651904 0.0875604350280373 0.900006451541647 0.00502958773017589 -0.0710876350651904 0.00502958773017589 1.03408791673297
1.09660880163362 0.0951168878793844 -0.0776666109560627 0.0951168878793844 0.892140052961204 0.00515711028027807 -0.0776666109560627 0.00515711028027807 1.03735285569469
1.10539607328652 0.102663872259272 -0.0843094715988588 0.102663872259272 0.884407072002747 0.00523469061846947 -0.0843094715988588 0.00523469061846947 1.04066582614792
1.11434204579932 0.110202653256726 -0.0910173310127024 0.110202653256726 0.876806132822283 0.00526234141334489 -0.0910173310127024 0.00526234141334489 1.04402730338173
1.1234481389496 0.117734493970461 -0.0977913136440589 0.117734493970461 0.869335882465422 0.00524006690705102 -0.0977913136440589 0.00524006690705102 1.04743777059904
1.13271579879859 0.125260655722554 -0.104632554551141 0.125260655722554 0.861994990628597 0.0051678629200126 -0.104632554551141 0.0051678629200126 1.05089771899423
1.14214649792222 0.132782398271715 -0.111542199590004 0.132782398271715 0.854782149424207 0.00504571685424582 -0.111542199590004 0.00504571685424582 1.05440764783204
1.15174173564639 0.14030098002619 -0.118521405602387 0.14030098002619 0.847696073149657 0.00487360769524406 -0.118521405602387 0.00487360769524406 1.05796806452778
1.1615030382868 0.147817658256341 -0.125571340605293 0.147817658256341 0.84073549806023 0.0046515060124554 -0.125571340605293 0.0046515060124554 1.06157948472887
1.17143195939301 0.155333689306923 -0.132693183982381 0.155333689306923 0.833899182145778 0.00437937395833325 -0.132693183982381 0.00437937395833325 1.06524243239778
1.18153007999719 0.16285032880911 -0.139888126677164 0.16285032880911 0.827185904911174 0.00405716526597528 -0.139888126677164 0.00405716526597528 1.06895743989624
1.19179900886719 0.170368831892305 -0.147157371388079 0.170368831892305 0.820594467160493 0.00368482524534264 -0.147157371388079 0.00368482524534264 1.07272504807091
1.20224038276429 0.177890453395752 -0.154502132765423 0.177890453395752 0.814123690784884 0.0032622907780664 -0.154502132765423 0.0032622907780664 1.07654580634039
1.21285586670544 0.185416448080006 -0.161923637610229 0.185416448080006 0.807772418554092 0.00278949031083096 -0.161923637610229 0.00278949031083096 1.08042027278366
1.22364715423024 0.192948070838289 -0.169423125075078 0.192948070838289 0.801539513911601 0.00226634384734604 -0.169423125075078 0.00226634384734604 1.08434901422989
1.23461596767251 0.200486576907768 -0.177001846866902 0.200486576907768 0.795423860773353 0.00169276293889714 -0.177001846866902 0.00169276293889714 1.08833260634974
1.2457640584366 0.20803322208078 -0.184661067451804 0.20803322208078 0.789424363330006 0.00106865067347731 -0.184661067451804 0.00106865067347731 1.09237163374807
1.25709320727852 0.215589262916067 -0.192402064261929 0.215589262916067 0.783539945852715 0.00039390166349984 -0.192402064261929 0.00039390166349984 1.09646669005812
1.26860522459179 0.223155956950025 -0.200226127904418 0.223155956950025 0.77776955250237 -0.000331597967911101 -0.200226127904418 -0.000331597967911101 1.10061837803716
1.28030195069819 0.230734562908021 -0.208134562372481 0.230734562908021 0.772112147142289 -0.00110797060205273 -0.208134562372481 -0.00110797060205273 1.10482730966364
1.29218525614345 0.238326340915813 -0.216128685258633 0.238326340915813 0.766566713154311 -0.00193534714120251 -0.216128685258633 -0.00193534714120251 1.10909410623582
1.30425704199781 0.2459325527111 -0.224209827970099 0.2459325527111 0.761132253258266 -0.00281386702660108 -0.224209827970099 -0.00281386702660108 1.11341939847198
1.31651924016163 0.253554461855248 -0.232379335946464 0.253554461855248 0.755807789334786 -0.00374367825786838 -0.232379335946464 -0.00374367825786838 1.1178038266121
1.32897381367602 0.261193333945212 -0.24063856887957 0.261193333945212 0.750592362251433 -0.00472493741384818 -0.24063856887957 -0.00472493741384818 1.12224804052116
1.34162275703863 0.268850436825715 -0.248988900935709 0.268850436825715 0.745485031692105 -0.00575780967489181 -0.248988900935709 -0.00575780967489181 1.12675269979394
1.35446809652447 0.276527040801688 -0.257431720980153 0.276527040801688 0.740484875989682 -0.00684246884657382 -0.257431720980153 -0.00684246884657382 1.13131847386148
1.36751189051202 0.284224418851034 -0.26596843280405 0.284224418851034 0.735590991961915 -0.00797909738485636 -0.26596843280405 -0.00797909738485636 1.13594604209909
1.38075622981458 0.291943846837739 -0.274600455353718 0.291943846837739 0.730802494750482 -0.00916788642269198 -0.274600455353718 -0.00916788642269198 1.14063609393603
1.39420323801692 0.299686603725363 -0.283329222962401 0.299686603725363 0.726118517663228 -0.0104090357980789 -0.283329222962401 -0.0104090357980789 1.14538932896679
1.40785507181722 0.307453971790953 -0.292156185584479 0.307453971790953 0.721538212019521 -0.0117027540835658 -0.292156185584479 -0.0117027540835658 1.15020645706406
1.42171392137455 0.315247236839416 -0.301082809032223 0.315247236839416 0.717060746998731 -0.0130492586172191 -0.301082809032223 -0.0130492586172191 1.15508819849334
1.43578201066171 0.323067688418378 -0.310110575215089 0.323067688418378 0.712685309491776 -0.0144487755350438 -0.310110575215089 -0.0144487755350438 1.1600352840293
1.45006159782367 0.330916620033574 -0.319240982381623 0.330916620033574 0.708411103955738 -0.0159015398048792 -0.319240982381623 -0.0159015398048792 1.1650484550738
1.46455497554151 0.3387953293648 -0.328475545363984 0.3387953293648 0.704237352271484 -0.0174077952617565 -0.328475545363984 -0.0174077952617565 1.17012846377567
1.47926447140213 0.346705118482468 -0.337815795825171 0.346705118482468 0.700163293604313 -0.0189677946447416 -0.337815795825171 -0.0189677946447416 1.17527607315226
1.49419244827352 0.354647294064793 -0.347263282508931 0.354647294064793 0.696188184267564 -0.0205817996352555 -0.347263282508931 -0.0205817996352555 1.18049205721271
1.50934130468589 0.362623167615658 -0.356819571492461 0.362623167615658 0.692311297589182 -0.0222500808968808 -0.356819571492461 -0.0222500808968808 1.18577720108309
1.52471347521859 0.370634055683178 -0.366486246441876 0.370634055683178 0.688531923781218 -0.0239729181166667 -0.366486246441876 -0.0239729181166667 1.19113230113324
1.54031143089293 0.378681280079024 -0.376264908870546 0.378681280079024 0.68484936981223 -0.0257506000479323 -0.376264908870546 -0.0257506000479323 1.19655816510558
1.55613767957092 0.386766168098509 -0.386157178400291 0.386766168098509 0.681262959282563 -0.0275834245545703 -0.386157178400291 -0.0275834245545703 1.20205561224564
1.57219476636007 0.394890052741516 -0.396164693025518 0.394890052741516 0.677772032302497 -0.0294716986568748 -0.396164693025518 -0.0294716986568748 1.2076254734346
1.5884852740242 0.403054272934259 -0.406289109380316 0.403054272934259 0.674375945373234 -0.0314157385788812 -0.406289109380316 -0.0314157385788812 1.21326859132358
1.6050118234005 0.411260173751953 -0.416532103008569 0.411260173751953 0.671074071270694 -0.0334158697972359 -0.416532103008569 -0.0334158697972359 1.21898582046999
1.62177707382271 0.419509106642402 -0.426895368637127 0.419509106642402 0.667865798932115 -0.0354724270916008 -0.426895368637127 -0.0354724270916008 1.22477802747569
