0.972511599730701 -0.0633764554720607 -0.00673075513418321 -0.0633764554720607 1.03321409251051 -0.00459807058639216 -0.00673075513418321 -0.00459807058639216 0.999275753382101
0.967990104774956 -0.0750437186783879 -0.00791374071967222 -0.0750437186783879 1.03986819413595 -0.00541182620143436 -0.00791374071967222 -0.00541182620143436 0.99915014776072
0.963630296531589 -0.0867241429316902 -0.00908069518248503 -0.0867241429316902 1.04669677319658 -0.00621637186650915 -0.00908069518248503 -0.00621637186650915 0.999026771433328
0.959431431945152 -0.0984196978710005 -0.0102318152997737 -0.0984196978710005 1.05370097330513 -0.00701184324810366 -0.0102318152997737 -0.00701184324810366 0.998905595691622
0.955392795142336 -0.110132355595245 -0.0113672951685587 -0.110132355595245 1.06088196764379 -0.00779837447571262 -0.0113672951685587 -0.00779837447571262 0.998786592199466
0.95151369730994 -0.121864090995772 -0.0124873262385939 -0.121864090995772 1.0682409591607 -0.00857609816453467 -0.0124873262385939 -0.00857609816453467 0.998669732988093
0.947793476577425 -0.133616882089337 -0.0135920973447838 -0.133616882089337 1.0757791807715 -0.00934514543791252 -0.0135920973447838 -0.00934514543791252 0.998554990451368
0.944231497904005 -0.145392710351603 -0.0146817947391574 -0.145392710351603 1.08349789556582 -0.01010564594952 -0.0146817947391574 -0.01010564594952 0.998442337341119
0.940827152970273 -0.157193561051203 -0.0157566021224062 -0.157193561051203 1.09139839701899 -0.0108577279053004 -0.0157566021224062 -0.0108577279053004 0.99833174676252
0.937579860074344 -0.169021423584432 -0.0168167006749892 -0.169021423584432 1.09948200920877 -0.0116015180851596 -0.0168167006749892 -0.0116015180851596 0.99822319216954
0.934489064032484 -0.180878291810613 -0.0178622690878116 -0.180878291810613 1.10775008703723 -0.0123371418644177 -0.0178622690878116 -0.0123371418644177 0.998116647360448
0.931554236084226 -0.192766164388209 -0.0188934835924828 -0.192766164388209 1.11620401645787 -0.0130647232350225 -0.0188934835924828 -0.0130647232350225 0.998012086473376
0.928774873801939 -0.204687045111717 -0.0199105179911574 -0.204687045111717 1.12484521470796 -0.013784384826529 -0.0199105179911574 -0.013784384826529 0.997909483981946
0.926150501004846 -0.216642943249428 -0.0209135436859652 -0.216642943249428 1.13367513054607 -0.0144962479268474 -0.0209135436859652 -0.0144962479268474 0.997808814690942
0.923680667677482 -0.228635873882078 -0.0219027297080353 -0.228635873882078 1.14269524449503 -0.0152004325027649 -0.0219027297080353 -0.0152004325027649 0.997710053732051
0.921364949892547 -0.240667858242474 -0.0228782427461184 -0.240667858242474 1.15190706909013 -0.0158970572202428 -0.0228782427461184 -0.0158970572202428 0.997613176559644
0.919202949738191 -0.25274092405614 -0.0238402471748132 -0.25274092405614 1.16131214913275 -0.0165862394644936 -0.0238402471748132 -0.0165862394644936 0.997518158946632
0.91719429524967 -0.264857105883042 -0.0247889050824007 -0.264857105883042 1.17091206194944 -0.0172680953598411 -0.0247889050824007 -0.0172680953598411 0.997424976980355
0.915338640345389 -0.277018445460445 -0.025724376298292 -0.277018445460445 1.18070841765644 -0.0179427397893668 -0.025724376298292 -0.0179427397893668 0.99733360705854
0.913635664767314 -0.289226992046974 -0.026646818420093 -0.289226992046974 1.19070285942972 -0.018610286414346 -0.026646818420093 -0.018610286414346 0.9972440258853
0.912085074025743 -0.301484802767917 -0.0275563868402924 -0.301484802767917 1.20089706378061 -0.0192708476934774 -0.0275563868402924 -0.0192708476934774 0.997156210467196
0.910686599348425 -0.313793942961848 -0.0284532347725758 -0.313793942961848 1.21129274083703 -0.0199245349019078 -0.0284532347725758 -0.0199245349019078 0.99707013810934
0.909439997634018 -0.326156486528613 -0.0293375132777712 -0.326156486528613 1.22189163463036 -0.0205714581500578 -0.0293375132777712 -0.0205714581500578 0.996985786411553
0.908345051409884 -0.338574516278745 -0.0302093712894303 -0.338574516278745 1.23269552338803 -0.0212117264022487 -0.0302093712894303 -0.0212117264022487 0.996903133264575
0.907401568794203 -0.351050124284371 -0.0310689556390497 -0.351050124284371 1.24370621983186 -0.0218454474951362 -0.0310689556390497 -0.0218454474951362 0.996822156846323
0.906609383462407 -0.363585412231654 -0.0319164110809362 -0.363585412231654 1.25492557148222 -0.0224727281559526 -0.0319164110809362 -0.0224727281559526 0.996742835618193
0.90596835461793 -0.376182491774852 -0.0327518803167208 -0.376182491774852 1.26635546096801 -0.0230936740205611 -0.0327518803167208 -0.0230936740205611 0.996665148321413
0.905478366967264 -0.388843484892031 -0.0335755040195252 -0.388843484892031 1.27799780634259 -0.0237083896513253 -0.0335755040195252 -0.0237083896513253 0.996589073973452
0.905139330699313 -0.401570524242512 -0.0343874208577853 -0.401570524242512 1.28985456140562 -0.0243169785547964 -0.0343874208577853 -0.0243169785547964 0.996514591864458
0.904951181469051 -0.414365753526097 -0.0351877675187343 -0.414365753526097 1.301927716031 -0.0249195431992218 -0.0351877675187343 -0.0249195431992218 0.996441681553757
0.904913880385478 -0.427231327844144 -0.0359766787315526 -0.427231327844144 1.31421929650076 -0.0255161850318779 -0.0359766787315526 -0.0255161850318779 0.996370322866394
0.905027414003865 -0.440169414062544 -0.0367542872901839 -0.440169414062544 1.32673136584516 -0.0261070044962295 -0.0367542872901839 -0.0261070044962295 0.996300495889711
0.905291794322292 -0.453182191176667 -0.0375207240758261 -0.453182191176667 1.33946602418899 -0.0266921010489192 -0.0375207240758261 -0.0266921010489192 0.996232180969984
0.905707058782484 -0.466271850678343 -0.0382761180790967 -0.466271850678343 1.35242540910401 -0.0272715731765895 -0.0382761180790967 -0.0272715731765895 0.99616535870909
0.906273270274932 -0.479440596924925 -0.0390205964218791 -0.479440596924925 1.3656116959678 -0.0278455184125408 -0.0390205964218791 -0.0278455184125408 0.996100009961226
0.906990517148307 -0.492690647510504 -0.039754284378853 -0.492690647510504 1.37902709832889 -0.0284140333532275 -0.039754284378853 -0.0284140333532275 0.996036115829665
0.907858913223174 -0.506024233639354 -0.0404773053987114 -0.506024233639354 1.39267386827838 -0.0289772136745955 -0.0404773053987114 -0.0289772136745955 0.99597365766356
0.908878597809991 -0.519443600501634 -0.0411897811250689 -0.519443600501634 1.40655429682796 -0.0295351541482631 -0.0411897811250689 -0.0295351541482631 0.995912617054784
0.910049735731418 -0.53295100765145 -0.041891831417065 -0.53295100765145 1.42067071429458 -0.0300879486575496 -0.041891831417065 -0.0300879486575496 0.995852975834814
0.911372517348921 -0.546548729387306 -0.0425835743696647 -0.546548729387306 1.43502549069163 -0.0306356902133527 -0.0425835743696647 -0.0306356902133527 0.995794716071659
0.912847158593685 -0.560239055135045 -0.0432651263336613 -0.560239055135045 1.44962103612686 -0.0311784709698778 -0.0432651263336613 -0.0311784709698778 0.995737820066818
0.91447390100184 -0.574024289833297 -0.0439366019353833 -0.574024289833297 1.46445980120704 -0.0317163822402227 -0.0439366019353833 -0.0317163822402227 0.995682270352286
0.916253011753998 -0.587906754321553 -0.0445981140961103 -0.587906754321553 1.47954427744941 -0.0322495145118188 -0.0445981140961103 -0.0322495145118188 0.995628049687601
0.918184783719125 -0.601888785730878 -0.0452497740511997 -0.601888785730878 1.49487699770001 -0.0327779574617335 -0.0452497740511997 -0.0327779574617335 0.995575141056918
0.92026953550273 -0.615972737877373 -0.0458916913689286 -0.615972737877373 1.51046053655901 -0.033301799971834 -0.0458916913689286 -0.033301799971834 0.995523527666134
0.922507611499405 -0.630160981658424 -0.0465239739690534 -0.630160981658424 1.52629751081299 -0.0338211301438172 -0.0465239739690534 -0.0338211301438172 0.995473192940043
0.924899381949706 -0.644455905451813 -0.0471467281410904 -0.644455905451813 1.54239057987435 -0.0343360353141066 -0.0471467281410904 -0.0343360353141066 0.995424120519529
0.927445243001394 -0.658859915517764 -0.0477600585623209 -0.658859915517764 1.55874244622795 -0.0348466020686198 -0.0477600585623209 -0.0348466020686198 0.995376294258797
0.930145616775039 -0.673375436403976 -0.048364068315523 -0.673375436403976 1.57535585588485 -0.0353529162574085 -0.048364068315523 -0.0353529162574085 0.995329698222641
0.933000951434007 -0.688004911353739 -0.0489588589064342 -0.688004911353739 1.59223359884351 -0.0358550630091743 -0.0489588589064342 -0.0358550630091743 0.995284316683744
