0.991660364786231 0.0232739164728442 0.0169794864115805 0.0232739164728442 1.00191719554837 0.0648187718342623 0.0169794864115805 0.0648187718342623 1.01146418482851
0.990225214339598 0.0276485338866891 0.0202652474995666 0.0276485338866891 1.00278231964441 0.0768516629479093 0.0202652474995666 0.0768516629479093 1.01406775763478
0.988820644576868 0.0320559704361649 0.0236042303547344 0.0320559704361649 1.00380815535154 0.088929180474597 0.0236042303547344 0.088929180474597 1.01682810215937
0.987446904743181 0.0364969842438336 0.0269970089806255 0.0364969842438336 1.00499536864733 0.101053402400794 0.0269970089806255 0.101053402400794 1.0197461829313
0.986104248601614 0.0409723412698424 0.0304441681088839 0.0409723412698424 1.00634465327457 0.113226420536544 0.0304441681088839 0.113226420536544 1.02282299248181
0.984792934491199 0.0454828154578153 0.0339463033244649 0.0454828154578153 1.00785673093766 0.125450340891782 0.0339463033244649 0.125450340891782 1.02605955158954
0.983513225385837 0.0500291888824625 0.0375040211929622 0.0500291888824625 1.00953235150418 0.137727284056064 0.0375040211929622 0.137727284056064 1.02945690953097
0.982265388954116 0.0546122518989527 0.041117939390087 0.0546122518989527 1.01137229321159 0.150059385581814 0.041117939390087 0.150059385581814 1.03301614433615
0.981049697620059 0.0592328032940599 0.0447886868333163 0.0592328032940599 1.01337736287899 0.162448796371117 0.0447886868333163 0.162448796371117 1.03673836304978
0.979866428624803 0.063891650439131 0.04851690381575 0.063891650439131 1.01554839612417 0.174897683066174 0.04851690381575 0.174897683066174 1.04062470199781
0.978715864089226 0.0685896094448886 0.0523032421421926 0.0685896094448886 1.01788625758592 0.187408228443466 0.0523032421421926 0.187408228443466 1.04467632705943
0.977598291077534 0.0733275053181121 0.0561483652674992 0.0733275053181121 1.02039184115158 0.1999826318117 0.0561483652674992 0.1999826318117 1.04889443394469
0.976514001661824 0.07810617212022 0.0600529484372054 0.07810617212022 1.02306607019009 0.212623109413635 0.0600529484372054 0.212623109413635 1.05328024847766
0.975463292987633 0.0829264531277874 0.0640176788304788 0.0829264531277874 1.02590989779028 0.225331894831836 0.0640176788304788 0.225331894831836 1.05783502688532
0.974446467340481 0.0877892009950313 0.0680432557054166 0.0877892009950313 1.02892430700482 0.238111239398455 0.0680432557054166 0.238111239398455 1.06256005609217
0.973463832213445 0.0926952779182913 0.0721303905467184 0.0926952779182913 1.03211031109955 0.250963412609102 0.0721303905467184 0.250963412609102 1.06745665402066
0.97251570037574 0.0976455558025467 0.0762798072157749 0.0976455558025467 1.03546895380848 0.263890702540894 0.0762798072157749 0.263890702540894 1.07252616989741
0.971602389942358 0.102640916429991 0.080492242103189 0.102640916429991 1.03900130959443 0.276895416274759 0.080492242103189 0.276895416274759 1.07776998456552
0.970724224444758 0.107682251630706 0.0847684442837748 0.107682251630706 1.04270848391533 0.289979880322066 0.0847684442837748 0.289979880322066 1.08318951080269
0.969881532902629 0.112770463455469 0.0891091756740584 0.112770463455469 1.04659161349633 0.303146441055684 0.0891091756740584 0.303146441055684 1.0887861936456
0.969074649896733 0.11790646435072 0.093515211192318 0.11790646435072 1.05065186660772 0.316397465145527 0.093515211192318 0.316397465145527 1.0945615107203
0.96830391564286 0.123091177335731 0.0979873389211912 0.123091177335731 1.05489044334868 0.329735339998691 0.0979873389211912 0.329735339998691 1.10051697257885
0.967569676066891 0.128325536182011 0.102526360272891 0.128325536182011 1.05930857593713 0.343162474204246 0.102526360272891 0.343162474204246 1.1066541230423
0.966872282880993 0.133610485594978 0.10713309015706 0.133610485594978 1.06390752900541 0.356681297982788 0.10713309015706 0.356681297982788 1.11297453954999
0.966212093660967 0.138946981397936 0.111808357151292 0.138946981397936 1.06868859990218 0.370294263640826 0.111808357151292 0.370294263640826 1.11947983351525
0.965589471924752 0.1443359907184 0.116553003674376 0.1443359907184 1.0736531190004 0.384003846030092 0.116553003674376 0.384003846030092 1.12617165068769
0.965004787212116 0.149778492176791 0.121367886162272 0.149778492176791 1.07880245001155 0.397812543011868 0.121367886162272 0.397812543011868 1.13305167152204
0.964458415165537 0.15527547607756 0.126253875246874 0.15527547607756 1.08413799030614 0.411722875926409 0.126253875246874 0.411722875926409 1.14012161155365
0.963950737612298 0.160827944602753 0.131211855937596 0.160827944602753 1.08966117124054 0.42573739006757 0.131211855937596 0.42573739006757 1.1473832217808
0.963482142647813 0.166436912008079 0.136242727805808 0.166436912008079 1.09537345849029 0.439858655162705 0.136242727805808 0.439858655162705 1.15483828905374
0.9630530247202 0.172103404821507 0.141347405172171 0.172103404821507 1.10127635238988 0.454089265857963 0.141347405172171 0.454089265857963 1.16248863647079
0.962663784716112 0.177828462044432 0.146526817296901 0.177828462044432 1.10737138827909 0.468431842209031 0.146526817296901 0.468431842209031 1.17033612378127
0.962314830047859 0.183613135355455 0.15178190857301 0.183613135355455 1.11366013685603 0.482889030177467 0.15178190857301 0.482889030177467 1.17838264779569
0.96200657474182 0.189458489316817 0.157113638722564 0.189458489316817 1.12014420453685 0.497463502132684 0.157113638722564 0.497463502132684 1.18663014280299
0.961739439528176 0.195365601583517 0.162522982995979 0.195365601583517 1.12682523382229 0.512157957359695 0.162522982995979 0.512157957359695 1.19508058099508
0.961513851931983 0.201335563115181 0.168010932374431 0.201335563115181 1.13370490367113 0.526975122572731 0.168010932374431 0.526975122572731 1.20373597289877
0.961330246365595 0.20736947839069 0.173578493775389 0.20736947839069 1.14078492988056 0.541917752434794 0.173578493775389 0.541917752434794 1.21259836781508
0.961189064222457 0.213468465625639 0.179226690261333 0.213468465625639 1.14806706547361 0.556988630083299 0.179226690261333 0.556988630083299 1.22166985426614
0.961090753972299 0.219633656992658 0.184956561251691 0.219633656992658 1.15555310109376 0.572190567661858 0.184956561251691 0.572190567661858 1.2309525604497
0.961035771257743 0.225866198844638 0.190769162738047 0.225866198844638 1.16324486540671 0.587526406858345 0.190769162738047 0.587526406858345 1.24044865470138
0.961024578992328 0.232167251940906 0.19666556750265 0.232167251940906 1.17114422550946 0.602999019449322 0.19666556750265 0.602999019449322 1.25016034596474
0.961057647459999 0.238537991676402 0.202646865340287 0.238537991676402 1.17925308734681 0.618611307850958 0.202646865340287 0.618611307850958 1.26008988426922
0.961135454416072 0.244979608313898 0.208714163283555 0.244979608313898 1.18757339613533 0.634366205676517 0.208714163283555 0.634366205676517 1.27023956121626
0.96125848518968 0.251493307219303 0.214868585831573 0.251493307219303 1.19610713679486 0.65026667830056 0.214868585831573 0.65026667830056 1.28061171047334
0.961427232787743 0.258080309100107 0.221111275182205 0.258080309100107 1.20485633438774 0.666315723429946 0.221111275182205 0.666315723429946 1.29120870827646
0.961642198000467 0.264741850247007 0.227443391467803 0.264741850247007 1.21382305456575 0.682516371681746 0.227443391467803 0.682516371681746 1.30203297394076
0.961903889508406 0.271479182778765 0.233866112994562 0.271479182778765 1.2230094040249 0.698871687168196 0.233866112994562 0.698871687168196 1.31308697037976
0.962212823991095 0.27829357489035 0.2403806364855 0.27829357489035 1.23241753096821 0.715384768088798 0.2403806364855 0.715384768088798 1.32437320463302
0.962569526237298 0.285186311104408 0.246988177327136 0.285186311104408 1.24204962557648 0.732058747329686 0.246988177327136 0.732058747329686 1.33589422840257
0.962974529256858 0.292158692526114 0.253689969819906 0.292158692526114 1.25190792048726 0.748896793070361 0.253689969819906 0.748896793070361 1.34765263859802
