0.97491322756789 -0.00643957414503091 0.0489876725798318 -0.00643957414503091 1.01930936630994 0.044365607388227 0.0489876725798318 0.044365607388227 1.01076418392497
0.970643583810887 -0.00738128597933131 0.0578709663482121 -0.00738128597933131 1.02311286394331 0.0526185397213428 0.0578709663482121 0.0526185397213428 1.01322766938164
0.966476581546147 -0.00824861008603327 0.0667224575024275 -0.00824861008603327 1.02699715904426 0.0609072140947011 0.0667224575024275 0.0609072140947011 1.01584258954684
0.962411334229921 -0.00904169128541266 0.0755436273186368 -0.00904169128541266 1.03096271246691 0.0692330178966009 0.0755436273186368 0.0692330178966009 1.01860919314851
0.95844697326314 -0.00976066171688852 0.0843359502829081 -0.00976066171688852 1.03500999802798 0.0775973432033056 0.0843359502829081 0.0775973432033056 1.02152775399066
0.95458264782569 -0.0104056408753704 0.093100894345548 -0.0104056408753704 1.03913950257134 0.0860015870066898 0.093100894345548 0.0860015870066898 1.02459857097081
0.950817524713843 -0.0109767356454618 0.101839921174048 -0.0109767356454618 1.04335172603449 0.0944471514424507 0.101839921174048 0.0944471514424507 1.02782196810155
0.947150788180819 -0.0114740403335033 0.110554486404694 -0.0114740403335033 1.04764718151737 0.10293544401892 0.110554486404694 0.10293544401892 1.03119829453628
0.943581639780458 -0.0118976366974838 0.119246039892885 -0.0118976366974838 1.05202639535305 0.11146787784652 0.119246039892885 0.11146787784652 1.03472792459919
0.940109298213955 -0.0122475939748133 0.127916025962195 -0.0122475939748133 1.0564899071808 0.120045871867891 0.127916025962195 0.120045871867891 1.03841125781931
0.936732999179638 -0.0125239689079721 0.136565883652231 -0.0125239689079721 1.06103827002111 0.12867085108874 0.136565883652231 0.12867085108874 1.04224871896884
0.933451995225762 -0.0127268057680389 0.145197046965329 -0.0127268057680389 1.06567205035297 0.137344246809439 0.145197046965329 0.137344246809439 1.04624075810562
0.930265555606291 -0.0128561363761057 0.153810945112122 -0.0128561363761057 1.07039182819326 0.146067496857417 0.153810945112122 0.146067496857417 1.05038785061974
0.927172966139631 -0.012911980122585 0.162409002756032 -0.012911980122585 1.07519819717838 0.154842045820378 0.162409002756032 0.154842045820378 1.05469049728441
0.924173529070297 -0.0128943439844187 0.170992640256726 -0.0128943439844187 1.08009176464795 0.163669345280384 0.170992640256726 0.163669345280384 1.05914922431099
0.921266562933493 -0.0128032225401845 0.17956327391257 -0.0128032225401845 1.08507315173089 0.172550854048856 0.17956327391257 0.172550854048856 1.06376458340818
0.918451402422555 -0.0126385979831168 0.188122316202137 -0.0126385979831168 1.09014299343348 0.181488038402499 0.188122316202137 0.181488038402499 1.06853715184546
0.915727398259262 -0.0124004401320368 0.196671176024796 -0.0124004401320368 1.09530193872986 0.190482372320224 0.196671176024796 0.190482372320224 1.07346753252072
0.913093917066963 -0.012088706440201 0.205211258940433 -0.012088706440201 1.10055065065461 0.199535337721088 0.205211258940433 0.199535337721088 1.07855635403204
0.910550341246521 -0.011703342002071 0.213743967408342 -0.011703342002071 1.10588980639767 0.208648424703286 0.213743967408342 0.208648424703286 1.08380427075381
0.908096068855022 -0.0112442795580083 0.222270701025323 -0.0112442795580083 1.11132009740145 0.217823131784248 0.222270701025323 0.217823131784248 1.08921196291697
0.905730513487258 -0.0107114394968926 0.230792856763042 -0.0107114394968926 1.11684222946028 0.227060966141869 0.230792856763042 0.227060966141869 1.09478013669352
0.903453104159923 -0.0101047298566801 0.239311829204663 -0.0101047298566801 1.1224569228221 0.236363443856921 0.239311829204663 0.236363443856921 1.10050952428529
0.901263285198542 -0.00942404632288285 0.247829010780838 -0.00942404632288285 1.12816491229249 0.24573209015667 0.247829010780838 0.24573209015667 1.10640088401697
0.899160516127068 -0.00866927222499117 0.256345792005048 -0.00866927222499117 1.13396694734097 0.255168439659756 0.256345792005048 0.255168439659756 1.11245500043333
0.897144271560167 -0.00784027853083144 0.26486356170837 -0.00784027853083144 1.13986379220969 0.264674036622363 0.26486356170837 0.264674036622363 1.11867268440084
0.895214041098131 -0.00693692383885791 0.27338370727369 -0.00693692383885791 1.14585622602443 0.274250435185728 0.27338370727369 0.274250435185728 1.12505477321346
0.89336932922443 -0.00595905436839106 0.281907614869409 -0.00595905436839106 1.15194504290794 0.283899199625011 0.281907614869409 0.283899199625011 1.13160213070281
0.891609655205867 -0.00490650394778586 0.290436669682689 -0.00490650394778586 1.15813105209578 0.293621904599597 0.290436669682689 0.293621904599597 1.13831564735262
0.889934552995311 -0.00377909400055121 0.298972256152258 -0.00377909400055121 1.16441507805438 0.303420135404839 0.298972256152258 0.303420135404839 1.14519624041754
0.88834357113701 -0.00257663352940263 0.307515758200836 -0.00257663352940263 1.17079796060165 0.313295488225295 0.307515758200836 0.313295488225295 1.15224485404622
0.886836272674443 -0.00129891909825305 0.316068559467209 -0.00129891909825305 1.17728055502999 0.323249570389509 0.316068559467209 0.323249570389509 1.15946245940888
0.885412235060708 5.42651878509548e-05 0.324632043537989 5.42651878509548e-05 1.18386373223169 0.333284000626365 0.324632043537989 0.333284000626365 1.16685005482909
0.884071050071414 0.00148314770485644 0.333207594179111 0.00148314770485644 1.19054837882691 0.343400409323049 0.333207594179111 0.343400409323049 1.17440866592012
0.882812323720077 0.00298796933389783 0.341796595567087 0.00298796933389783 1.19733539729403 0.353600438784686 0.341796595567087 0.353600438784686 1.18213934572553
0.881635676175985 0.0045689834875533 0.350400432520076 0.0045689834875533 1.20422570610258 0.363885743495659 0.350400432520076 0.363885743495659 1.19004317486437
0.880540741684536 0.00622645613816844 0.359020490728796 0.00622645613816844 1.21122023984865 0.374257990382688 0.359020490728796 0.374257990382688 1.19812126168062
0.879527168490008 0.00796066584824834 0.36765815698732 0.00796066584824834 1.2183199493929 0.384718859079677 0.36765815698732 0.384718859079677 1.20637474239733
0.878594618760764 0.00977190380292509 0.376314819423798 0.00977190380292509 1.22552580200109 0.3952700421944 0.376314819423798 0.3952700421944 1.21480478127504
0.877742768516875 0.0116604738444942 0.384991867731137 0.0116604738444942 1.23283878148719 0.405913245577042 0.384991867731137 0.405913245577042 1.22341257077485
0.876971307560135 0.013626692509036 0.393690693397685 0.013626692509036 1.24025988835912 0.416650188590668 0.393690693397685 0.416650188590668 1.23219933172595
0.876279939406468 0.0156708890651166 0.402412689937955 0.0156708890651166 1.24779013996712 0.427482604383634 0.402412689937955 0.427482604383634 1.24116631349779
0.875668381220695 0.0177934055545763 0.411159253123418 0.0177934055545763 1.25543057065477 0.438412240163997 0.411159253123418 0.438412240163997 1.25031479417668
0.875136363753676 0.0199945968354075 0.419931781213425 0.0199945968354075 1.26318223191264 0.449440857475978 0.419931781213425 0.449440857475978 1.25964608074719
0.874683631281779 0.0222748306267303 0.42873167518628 0.0222748306267303 1.27104619253469 0.460570232478495 0.42873167518628 0.460570232478495 1.26916150927799
0.874309941548684 0.0246344875558637 0.437560338970494 0.0246344875558637 1.27902353877736 0.471802156225836 0.437560338970494 0.471802156225836 1.27886244511251
0.874015065709519 0.0270739612075159 0.446419179676292 0.0270739612075159 1.28711537452142 0.483138434950504 0.446419179676292 0.483138434950504 1.28875028306413
0.873798788277282 0.0295936581750714 0.455309607827373 0.0295936581750714 1.29532282143654 0.494580890348283 0.455309607827373 0.494580890348283 1.29882644761622
0.873660907071573 0.032193998114006 0.464233037592981 0.032193998114006 1.30364701914873 0.506131359865559 0.464233037592981 0.506131359865559 1.30909239312681
0.873601233169608 0.0348754137974237 0.473190887020337 0.0348754137974237 1.31208912541047 0.517791696988968 0.473190887020337 0.517791696988968 1.31954960403809
