1.04599605699711 -0.0381716121037887 0.041700159080947 -0.0381716121037887 0.980906714682752 -0.0232488770904211 0.041700159080947 -0.0232488770904211 0.978165983134635
1.05501035081825 -0.0453937818018511 0.0495588791282238 -0.0453937818018511 0.977655329326953 -0.0275850928856252 0.0495588791282238 -0.0275850928856252 0.974454412482751
1.0642061353471 -0.0526845135542305 0.0574828512105741 -0.0526845135542305 0.974483867606704 -0.0319436432814946 0.0574828512105741 -0.0319436432814946 0.970835972988411
1.07358583688695 -0.0600450776786173 0.0654734561634761 -0.0600450776786173 0.971392600697146 -0.0363252880700468 0.0654734561634761 -0.0363252880700468 0.967310857601365
1.08315192043547 -0.0674767623224847 0.0735320926341709 -0.0674767623224847 0.968381810714629 -0.0407307945482097 0.0735320926341709 -0.0407307945482097 0.96387927206351
1.09290689025333 -0.074980873738585 0.0816601773731974 -0.074980873738585 0.965451790830646 -0.0451609376666413 0.0816601773731974 -0.0451609376666413 0.960541435020753
1.10285329044167 -0.0825587365645658 0.0898591455301473 -0.0825587365645658 0.96260284538788 -0.0496165001804764 0.0898591455301473 -0.0496165001804764 0.957297578137234
1.11299370552824 -0.0902116941067825 0.0981304509536992 -0.0902116941067825 0.959835290018371 -0.0540982728020372 0.0981304509536992 -0.0540982728020372 0.954147946211922
1.12333076106259 -0.0979411086283533 0.106475566495999 -0.0979411086283533 0.957149451763851 -0.0586070543555279 0.106475566495999 -0.0586070543555279 0.951092797297633
1.13386712422023 -0.105748361641531 0.114895984321458 -0.105748361641531 0.954545669198262 -0.0631436519337658 0.114895984321458 -0.0631436519337658 0.948132402822485
1.14460550441606 -0.113634854204462 0.123393216220031 -0.113634854204462 0.952024292552502 -0.0677088810569567 0.123393216220031 -0.0677088810569567 0.945267047713829
1.15554865392712 -0.121602007222381 0.131968793925041 -0.121602007222381 0.949585683841415 -0.0723035658335742 0.131968793925041 -0.0723035658335742 0.942497030524686
1.16669936852488 -0.129651261753323 0.140624269435636 -0.129651261753323 0.947230216993066 -0.0769285391233553 0.140624269435636 -0.0769285391233553 0.939822663562729
1.17806048811702 -0.137784079318422 0.149361215343924 -0.137784079318422 0.944958277980333 -0.0815846427024645 0.149361215343924 -0.0815846427024645 0.937244273021826
1.18963489739918 -0.14600194221685 0.158181225166883 -0.14600194221685 0.942770264954833 -0.0862727274308456 0.158181225166883 -0.0862727274308456 0.934762199116204
1.20142552651644 -0.154306353845487 0.167085913683104 -0.154306353845487 0.940666588383241 -0.0909936534218122 0.167085913683104 -0.0909936534218122 0.93237679621724
1.21343535173499 -0.162698839023372 0.176076917274443 -0.162698839023372 0.938647671186009 -0.0957482902138987 0.176076917274443 -0.0957482902138987 0.930088432992933
1.22566739612397 -0.171180944321028 0.185155894272662 -0.171180944321028 0.936713948878536 -0.100537516945022 0.185155894272662 -0.100537516945022 0.927897492550088
1.2381247302477 -0.179754238394719 0.194324525311135 -0.179754238394719 0.934865869714814 -0.105362222528978 0.194324525311135 -0.105362222528978 0.925804372579238
1.25081047286841 -0.188420312325719 0.203584513681692 -0.188420312325719 0.93310389483359 -0.110223305834326 0.203584513681692 -0.110223305834326 0.923809485502363
1.26372779165972 -0.197180779964668 0.21293758569668 -0.197180779964668 0.931428498407069 -0.115121675865677 0.21293758569668 -0.115121675865677 0.921913258623405
1.27687990393085 -0.2060372782811 0.222385491056334 -0.2060372782811 0.929840167792221 -0.120058251947455 0.222385491056334 -0.120058251947455 0.920116134281669
1.29027007736198 -0.214991467718201 0.231930003221514 -0.214991467718201 0.928339403684686 -0.125033963910141 0.231930003221514 -0.125033963910141 0.918418570008096
1.30390163075068 -0.224045032552893 0.241572919791913 -0.224045032552893 0.926926720275349 -0.130049752279056 0.241572919791913 -0.130049752279056 0.916821038684481
1.31777793476974 -0.23319968126133 0.251316062889816 -0.23319968126133 0.925602645409615 -0.135106568465728 0.251316062889816 -0.135106568465728 0.915324028705663
1.33190241273647 -0.242457146889857 0.261161279549479 -0.242457146889857 0.924367720749406 -0.140205374961864 0.261161279549479 -0.140205374961864 0.913928044144729
1.34627854139371 -0.251819187431551 0.271110442112234 -0.251819187431551 0.923222501937935 -0.145347145535989 0.271110442112234 -0.145347145535989 0.912633604921266
1.36090985170273 -0.261287586208407 0.281165448627395 -0.261287586208407 0.922167558767298 -0.150532865432792 0.281165448627395 -0.150532865432792 0.911441246972726
1.3757999296481 -0.270864152259256 0.291328223259058 -0.270864152259256 0.921203475348908 -0.155763531575199 0.291328223259058 -0.155763531575199 0.910351522428903
1.39095241705483 -0.280550720733507 0.301600716698889 -0.280550720733507 0.920330850286823 -0.161040152769257 0.301600716698889 -0.161040152769257 0.909364999789618
1.40637101241792 -0.290349153290797 0.311984906584977 -0.290349153290797 0.919550296854014 -0.166363749911832 0.311984906584977 -0.166363749911832 0.908482264105607
1.42205947174446 -0.300261338506643 0.322482797926864 -0.300261338506643 0.918862443171598 -0.171735356201195 0.322482797926864 -0.171735356201195 0.90770391716269
1.43802160940855 -0.310289192284182 0.333096423536832 -0.310289192284182 0.918267932391098 -0.17715601735053 0.333096423536832 -0.17715601735053 0.907030577669246
1.45426129901916 -0.320434658272079 0.343827844467551 -0.320434658272079 0.917767422879749 -0.182626791804406 0.343827844467551 -0.182626791804406 0.90646288144705
1.47078247430119 -0.330699708288733 0.354679150456173 -0.330699708288733 0.917361588408927 -0.188148750958275 0.354679150456173 -0.188148750958275 0.906001481625514
1.48758912998986 -0.341086342752834 0.365652460374991 -0.341086342752834 0.917051118345714 -0.193722979381024 0.365652460374991 -0.193722979381024 0.90564704883938
1.50468532273867 -0.351596591120387 0.376749922688739 -0.351596591120387 0.916836717847655 -0.199350575040646 0.376749922688739 -0.199350575040646 0.905400271429909
1.52207517204119 -0.3622325123283 0.387973715918654 -0.3622325123283 0.916719108060767 -0.205032649533071 0.387973715918654 -0.205032649533071 0.905261855649627
1.53976286116671 -0.372996195244641 0.399326049113389 -0.372996195244641 0.916699026320817 -0.210770328314205 0.399326049113389 -0.210770328314205 0.905232525870656
1.55775263811021 -0.383889759125641 0.410809162326892 -0.383889759125641 0.916777226357946 -0.216564750935238 0.410809162326892 -0.216564750935238 0.905313024796702
1.5760488165566 -0.394915354079572 0.422425327103346 -0.394915354079572 0.916954478504676 -0.222417071281258 0.422425327103346 -0.222417071281258 0.905504113678737
1.59465577685968 -0.406075161537591 0.434176846969296 -0.406075161537591 0.917231569907331 -0.228328457813232 0.434176846969296 -0.228328457813232 0.905806572534431
1.6135779670359 -0.417371394731655 0.446066057933046 -0.417371394731655 0.917609304740951 -0.234300093813405 0.446066057933046 -0.234300093813405 0.906221200371386
1.63281990377314 -0.428806299179612 0.458095328991459 -0.428806299179612 0.918088504427739 -0.240333177634172 0.458095328991459 -0.240333177634172 0.906748815414228
1.65238617345485 -0.440382153177585 0.470267062644262 -0.440382153177585 0.91867000785907 -0.246428922950475 0.470267062644262 -0.246428922950475 0.907390255335598
1.67228143319963 -0.452101268299747 0.482583695415976 -0.452101268299747 0.919354671621154 -0.252588559015774 0.482583695415976 -0.252588559015774 0.908146377491128
1.69251041191662 -0.46396598990561 0.495047698385577 -0.46396598990561 0.920143370224366 -0.258813330921667 0.495047698385577 -0.258813330921667 0.909018059158414
1.71307791137684 -0.475978697654937 0.507661577724025 -0.475978697654937 0.921036996336331 -0.265104499861194 0.507661577724025 -0.265104499861194 0.910006197780082
1.73398880730077 -0.488141806030383 0.520427875239746 -0.488141806030383 0.922036461018784 -0.271463343395892 0.520427875239746 -0.271463343395892 0.911111711210977
1.75524805046241 -0.500457764867998 0.533349168932237 -0.500457764867998 0.923142693968295 -0.277891155726668 0.533349168932237 -0.277891155726668 0.912335537969559
