0.966448906584375 0.0529162998347291 0.00662386991431439 0.0529162998347291 1.05456391330803 -0.00967480563379062 0.00662386991431439 -0.00967480563379062 0.984023238596554
0.96072068531892 0.0627415073830019 0.0077482597579527 0.0627415073830019 1.06521339487047 -0.0114528383569624 0.0077482597579527 -0.0114528383569624 0.981131778925215
0.955125776380327 0.0726037222634024 0.00884451365325841 0.0726037222634024 1.07606309085079 -0.0132319429546032 0.00884451365325841 -0.0132319429546032 0.978253491900712
0.949663639171836 0.082504636536514 0.00991282001035382 0.082504636536514 1.08711528200124 -0.0150124247243719 0.00991282001035382 -0.0150124247243719 0.975388304333896
0.944333753166088 0.0924459529496987 0.0109533629806143 0.0924459529496987 1.09837228784034 -0.0167945899452985 0.0109533629806143 -0.0167945899452985 0.972536144036625
0.939135617873099 0.102429385240967 0.0119663224760091 0.102429385240967 1.10983646712984 -0.0185787459300925 0.0119663224760091 -0.0185787459300925 0.969696939815085
0.93406875281139 0.112456658445421 0.0129518741878003 0.112456658445421 1.12151021835932 -0.0203652010777541 0.0129518741878003 -0.0203652010777541 0.966870621463248
0.929132697482284 0.122529509204321 0.0139101896046086 0.122529509204321 1.13339598023845 -0.0221542649264981 0.0139101896046086 -0.0221542649264981 0.964057119756469
0.924327011347386 0.132649686076848 0.0148414360298397 0.132649686076848 1.14549623219708 -0.0239462482070002 0.0148414360298397 -0.0239462482070002 0.961256366445216
0.919651273809229 0.1428189498546 0.0157457765984785 0.1428189498546 1.15781349489324 -0.0257414628959759 0.0157457765984785 -0.0257414628959759 0.958468294248941
0.915105084195108 0.153039073878898 0.0166233702932483 0.153039073878898 1.17035033072912 -0.0275402222700981 0.0166233702932483 -0.0275402222700981 0.955692836850076
0.910688061744103 0.16331184436095 0.0174743719601381 0.16331184436095 1.18310934437518 -0.0293428409602691 0.0174743719601381 -0.0293428409602691 0.952929928888175
0.906399845597291 0.17363906070493 0.0182989323232978 0.17363906070493 1.19609318330245 -0.0311496350062495 0.0182989323232978 -0.0311496350062495 0.950179505954185
0.902240094791165 0.184022535834045 0.0190971979993026 0.184022535834045 1.20930453832321 -0.0329609219116608 0.0190971979993026 -0.0329609219116608 0.947441504584843
0.898208488254261 0.194464096519641 0.0198693115107866 0.194464096519641 1.22274614414006 -0.0347770206993656 0.0198693115107866 -0.0347770206993656 0.944715862257218
0.894304724806995 0.204965583713402 0.0206154112994476 0.204965583713402 1.23642077990353 -0.0365982519672393 0.0206154112994476 -0.0365982519672393 0.942002517383379
0.89052852316473 0.215528852882725 0.0213356317384222 0.215528852882725 1.2503312697784 -0.0384249379443424 0.0213356317384222 -0.0384249379443424 0.939301409305191
0.886879621944076 0.226155774349316 0.0220301031440311 0.226155774349316 1.2644804835187 -0.0402574025475021 0.0220301031440311 -0.0402574025475021 0.93661247828925
0.883357779672431 0.236848233631074 0.0226989517868975 0.236848233631074 1.27887133705171 -0.0420959714383155 0.0226989517868975 -0.0420959714383155 0.933935665521942
0.879962774800772 0.24760813178733 0.023342299902436 0.24760813178733 1.29350679307088 -0.0439409720805833 0.023342299902436 -0.0439409720805833 0.931270913104635
0.876694405719721 0.258437385767506 0.0239602657007128 0.258437385767506 1.30838986163794 -0.0457927337981854 0.0239602657007128 -0.0457927337981854 0.928618164049004
0.873552490778868 0.269337928763257 0.0245529633756789 0.269337928763257 1.32352360079415 -0.0476515878334075 0.0245529633756789 -0.0476515878334075 0.925977362272478
0.870536868309394 0.280311710564161 0.0251205031137729 0.280311710564161 1.33891111718108 -0.0495178674057322 0.0251205031137729 -0.0495178674057322 0.923348452593819
0.867647396649989 0.291360697917028 0.0256629911018969 0.291360697917028 1.35455556667076 -0.0513919077711009 0.0256629911018969 -0.0513919077711009 0.920731380728837
0.864883954176074 0.302486874888896 0.0261805295347615 0.302486874888896 1.37046015500547 -0.0532740462816623 0.0261805295347615 -0.0532740462816623 0.91812609328622
0.862246439332359 0.313692243233772 0.0266732166216029 0.313692243233772 1.38662813844735 -0.0551646224460146 0.0266732166216029 -0.0551646224460146 0.915532537763502
0.859734770668727 0.324978822763203 0.0271411465922687 0.324978822763203 1.40306282443781 -0.0570639779899536 0.0271411465922687 -0.0570639779899536 0.912950662543156
0.857348886879486 0.33634865172074 0.0275844097026732 0.33634865172074 1.41976757226697 -0.05897245691774 0.0275844097026732 -0.05897245691774 0.910380416888812
0.855088746845971 0.347803787160353 0.0280030922396217 0.347803787160353 1.43674579375335 -0.0608904055738934 0.0280030922396217 -0.0608904055738934 0.907821750941605
0.852954329682545 0.359346305328899 0.028397276525002 0.359346305328899 1.45400095393365 -0.062818172705527 0.028397276525002 -0.062818172705527 0.905274615716649
0.850945634785991 0.370978302052682 0.0287670409193425 0.370978302052682 1.47153657176316 -0.0647561095252346 0.0287670409193425 -0.0647561095252346 0.902738963099637
0.849062681888323 0.3827018931282 0.0291124598247362 0.3827018931282 1.48935622082658 -0.0667045697745393 0.0291124598247362 -0.0667045697745393 0.900214745843567
0.847305511113035 0.394519214717149 0.0294336036871288 0.394519214717149 1.50746353005965 -0.0686639097879189 0.0294336036871288 -0.0686639097879189 0.897701917565596
0.845674183034797 0.406432423745751 0.0297305389979703 0.406432423745751 1.52586218448156 -0.0706344885574157 0.0297305389979703 -0.0706344885574157 0.895200432744021
0.844168778742621 0.418443698308494 0.0300033282952281 0.418443698308494 1.54455592593842 -0.0726166677978484 0.0300033282952281 -0.0726166677978484 0.89271024671538
0.842789399906525 0.430555238076351 0.0302520301637608 0.430555238076351 1.56354855385782 -0.0746108120126317 0.0302520301637608 -0.0746108120126317 0.890231315671685
0.841536168847701 0.442769264709561 0.0304766992350494 0.442769264709561 1.58284392601473 -0.0766172885602211 0.0304766992350494 -0.0766172885602211 0.887763596657778
0.840409228612212 0.455088022275052 0.0306773861862878 0.455088022275052 1.60244595930887 -0.0786364677211927 0.0306773861862878 -0.0786364677211927 0.885307047568816
0.839408743048247 0.467513777668577 0.0308541377388258 0.467513777668577 1.6223586305536 -0.0806687227659711 0.0308541377388258 -0.0806687227659711 0.882861627147875
0.838534896886945 0.480048821041658 0.0310069966559672 0.480048821041658 1.64258597727672 -0.0827144300232183 0.0310069966559672 -0.0827144300232183 0.880427294983681
0.837787895826813 0.492695466233405 0.0311360017401183 0.492695466233405 1.66313209853303 -0.0847739689488958 0.0311360017401183 -0.0847739689488958 0.878004011508478
0.837167966621774 0.505456051207306 0.0312411878292851 0.505456051207306 1.68400115572915 -0.0868477221960138 0.0312411878292851 -0.0868477221960138 0.875591737996001
0.836675357172842 0.518332938493058 0.031322585792919 0.518332938493058 1.70519737346046 -0.0889360756850799 0.031322585792919 -0.0889360756850799 0.873190436559592
0.836310336623473 0.531328515633536 0.0313802225271041 0.531328515633536 1.72672504036053 -0.0910394186752605 0.0313802225271041 -0.0910394186752605 0.870800070150435
0.83607319545861 0.544445195636983 0.0314141209490892 0.544445195636983 1.74858850996315 -0.093158143836268 0.0314141209490892 -0.093158143836268 0.868420602555913
0.83596424560744 0.557685417434498 0.031424299991157 0.557685417434498 1.77079220157707 -0.0952926473209897 0.031424299991157 -0.0952926473209897 0.866051998398096
0.835983820549902 0.571051646342921 0.0314107745938315 0.571051646342921 1.79334060117376 -0.0974433288388679 0.0314107745938315 -0.0974433288388679 0.863694223132356
0.83613227542695 0.58454637453321 0.0313735556984177 0.58454637453321 1.81623826228823 -0.0996105917300495 0.0313735556984177 -0.0996105917300495 0.8613472430461
0.836409987154642 0.598172121504374 0.031312650238874 0.598172121504374 1.83948980693316 -0.101794843040315 0.031312650238874 -0.101794843040315 0.859011025257636
0.836817354542027 0.611931434563086 0.0312280611330105 0.611931434563086 1.86309992652652 -0.103996493596804 0.0312280611330105 -0.103996493596804 0.856685537715162
