0.954551117966153 0.0503458124669117 -0.0115062627334525 0.0503458124669117 1.01171698399662 -0.0193975903229297 -0.0115062627334525 -0.0193975903229297 1.03869365237077
0.946726437463165 0.0594254584226401 -0.0137156237806013 0.0594254584226401 1.01420087810457 -0.023126736928363 -0.0137156237806013 -0.023126736928363 1.04601529512033
0.939059550411074 0.0684568766725398 -0.0159556655074484 0.0684568766725398 1.0167874824014 -0.0269090167082849 -0.0159556655074484 -0.0269090167082849 1.053405303155
0.931548692481087 0.0774415587105687 -0.0182267583571318 0.0774415587105687 1.01947672586761 -0.0307450551668017 -0.0182267583571318 -0.0307450551668017 1.06086439860935
0.924192129455067 0.0863809836467696 -0.0205292768836939 0.0863809836467696 1.02226855347923 -0.0346354849731187 -0.0205292768836939 -0.0346354849731187 1.06839331156252
0.916988156855493 0.0952766184797462 -0.0228635997996546 0.0952766184797462 1.02516292614726 -0.0385809460412438 -0.0228635997996546 -0.0385809460412438 1.07599278012665
0.909935099581281 0.104129918366367 -0.0252301100240988 0.104129918366367 1.02815982065979 -0.042582085610597 -0.0252301100240988 -0.042582085610597 1.08366355053636
0.903031311549413 0.112942326888734 -0.0276291947312834 0.112942326888734 1.0312592296269 -0.0466395583275336 -0.0276291947312834 -0.0466395583275336 1.09140637723914
0.896275175342286 0.121715276318481 -0.0300612453997695 0.121715276318481 1.03446116142822 -0.0507540263277898 -0.0300612453997695 -0.0507540263277898 1.09922202298685
0.889665101860713 0.130450187878445 -0.0325266578620854 0.130450187878445 1.03776564016304 -0.0549261593198659 -0.0325266578620854 -0.0549261593198659 1.10711125892814
0.8831995299825 0.139148472001755 -0.0350258323549288 0.139148472001755 1.04117270560325 -0.0591566346693507 -0.0350258323549288 -0.0591566346693507 1.11507486470202
0.876876926226535 0.147811528588403 -0.0375591735699121 0.147811528588403 1.04468241314875 -0.0634461374842042 -0.0375591735699121 -0.0634461374842042 1.12311362853235
0.870695784422306 0.156440747259326 -0.0401270907048575 0.156440747259326 1.04829483378552 -0.0677953607010029 -0.0401270907048575 -0.0677953607010029 1.1312283473235
0.864654625384784 0.165037507608067 -0.0427299975156515 0.165037507608067 1.05201005404634 -0.072205005172166 -0.0427299975156515 -0.072205005172166 1.13941982675698
0.858751996594614 0.173603179450046 -0.0453683123686581 0.173603179450046 1.05582817597402 -0.0766757797541608 -0.0453683123686581 -0.0766757797541608 1.14768888138923
0.852986471883522 0.182139123069496 -0.0480424582937077 0.182139123069496 1.05974931708724 -0.081208401396716 -0.0480424582937077 -0.081208401396716 1.15603633475047
0.847356651124901 0.190646689464114 -0.0507528630376567 0.190646689464114 1.06377361034893 -0.0858035952330356 -0.0507528630376567 -0.0858035952330356 1.1644630194446
0.841861159929483 0.199127220587462 -0.0534999591185357 0.199127220587462 1.06790120413719 -0.0904620946710399 -0.0534999591185357 -0.0904620946710399 1.17296977725036
0.836498649346053 0.207582049589171 -0.0562841838802819 0.207582049589171 1.07213226221879 -0.0951846414856298 -0.0562841838802819 -0.0951846414856298 1.18155745922344
0.83126779556713 0.216012501052996 -0.0591059795480731 0.216012501052996 1.07646696372507 -0.0999719859120022 -0.0591059795480731 -0.0999719859120022 1.19022692579987
0.826167299639562 0.22441989123276 -0.0619657932842631 0.22441989123276 1.0809055031305 -0.104824886740015 -0.0619657932842631 -0.104824886740015 1.19897904690052
0.821195887179965 0.232805528286228 -0.0648640772449286 0.232805528286228 1.0854480902336 -0.109744111409621 -0.0648640772449286 -0.109744111409621 1.20781470203675
0.816352308094946 0.241170712506968 -0.0678012886370321 0.241170712506968 1.09009495014043 -0.114730436107375 -0.0678012886370321 -0.114730436107375 1.21673478041722
0.811635336306062 0.249516736554228 -0.0707778897762117 0.249516736554228 1.09484632325051 -0.119784645864035 -0.0707778897762117 -0.119784645864035 1.22574018105601
0.807043769479444 0.257844885680882 -0.0737943481452027 0.257844885680882 1.09970246524522 -0.124907534653266 -0.0737943481452027 -0.124907534653266 1.23483181288179
0.802576428760031 0.266156437959479 -0.0768511364528963 0.266156437959479 1.10466364707867 -0.130099905491455 -0.0768511364528963 -0.130099905491455 1.24401059484833
0.798232158510362 0.274452664506442 -0.0799487326940485 0.274452664506442 1.10973015497096 -0.135362570538652 -0.0799487326940485 -0.135362570538652 1.25327745604617
0.794009826053867 0.282734829704454 -0.0830876202096404 0.282734829704454 1.11490229040393 -0.140696351200651 -0.0830876202096404 -0.140696351200651 1.26263333581561
0.789908321422605 0.291004191423085 -0.0862682877479008 0.291004191423085 1.12018037011933 -0.146102078232225 -0.0862682877479008 -0.146102078232225 1.27207918386088
0.785926557109385 0.299262001237672 -0.0894912295259989 0.299262001237672 1.12556472611938 -0.151580591841522 -0.0894912295259989 -0.151580591841522 1.28161596036564
0.782063467824236 0.307509504646532 -0.0927569452924135 0.307509504646532 1.13105570566978 -0.15713274179564 -0.0927569452924135 -0.15713274179564 1.29124463610979
0.778318010255152 0.315747941286509 -0.0960659403899865 0.315747941286509 1.13665367130509 -0.16275938752739 -0.0960659403899865 -0.16275938752739 1.3009661925875
0.774689162833077 0.323978545146917 -0.0994187258196693 0.323978545146917 1.14235900083651 -0.168461398243264 -0.0994187258196693 -0.168461398243264 1.31078162212665
0.771175925501072 0.33220254478192 -0.102815818304971 0.33220254478192 1.14817208736212 -0.174239653032623 -0.102815818304971 -0.174239653032623 1.32069192800957
0.767777319487616 0.340421163521365 -0.106257740357112 0.340421163521365 1.15409333927939 -0.180095040978109 -0.106257740357112 -0.180095040978109 1.3306981245951
0.764492387083991 0.348635619680136 -0.109745020340898 0.348635619680136 1.16012318030016 -0.186028461267305 -0.109745020340898 -0.186028461267305 1.34080123744205
0.761320191425702 0.356847126766045 -0.113278192541316 0.356847126766045 1.166262049468 -0.192040823305655 -0.113278192541316 -0.192040823305655 1.35100230343406
0.758259816277891 0.365056893686299 -0.116857797230867 0.365056893686299 1.17251040117785 -0.198133046830647 -0.116857797230867 -0.198133046830647 1.36130237090578
0.755310365824692 0.373266124952604 -0.120484380737635 0.373266124952604 1.1788687051981 -0.204306062027292 -0.120484380737635 -0.204306062027292 1.37170249977056
0.752470964462476 0.381476020884902 -0.124158495514108 0.381476020884902 1.18533744669507 -0.2105608096449 -0.124158495514108 -0.2105608096449 1.38220376164944
0.749740756596962 0.389687777813816 -0.127880700206765 0.389687777813816 1.19191712625972 -0.216898241115166 -0.127880700206765 -0.216898241115166 1.39280724000174
0.747118906444119 0.39790258828182 -0.131651559726416 0.39790258828182 1.19860825993685 -0.223319318671591 -0.131651559726416 -0.223319318671591 1.40351403025695
0.74460459783485 0.40612164124317 -0.135471645319332 0.40612164124317 1.20541137925656 -0.229825015470245 -0.135471645319332 -0.229825015470245 1.41432523994824
0.742197034023382 0.414346122262637 -0.139341534639148 0.414346122262637 1.21232703126811 -0.236416315711889 -0.139341534639148 -0.236416315711889 1.42524198884731
0.739895437499339 0.422577213713073 -0.143261811819572 0.422577213713073 1.21935577857612 -0.243094214765469 -0.143261811819572 -0.243094214765469 1.43626540910089
0.737699049803465 0.430816094971854 -0.147233067547885 0.430816094971854 1.2264981993791 -0.249859719293005 -0.147233067547885 -0.249859719293005 1.4473966453687
0.735607131346923 0.439063942616218 -0.151255899139261 0.439063942616218 1.23375488751033 -0.256713847375878 -0.151255899139261 -0.256713847375878 1.45863685496293
0.733618961234171 0.447321930617548 -0.155330910611905 0.447321930617548 1.2411264524811 -0.263657628642543 -0.155330910611905 -0.263657628642543 1.46998720798929
0.731733837089345 0.455591230534628 -0.159458712763024 0.455591230534628 1.24861351952629 -0.270692104397675 -0.159458712763024 -0.270692104397675 1.48144888748972
0.729951074886124 0.463873011705905 -0.163639923245633 0.463873011705905 1.25621672965226 -0.277818327752768 -0.163639923245633 -0.277818327752768 1.49302308958654
