1.07534095016255 -0.0115594117004654 -0.00145872095042043 -0.0115594117004654 0.982816909402878 -0.023102847054621 -0.00145872095042043 -0.023102847054621 0.94686169288592
1.08979815678406 -0.0137502118323017 -0.00170094154980285 -0.0137502118323017 0.979766921144926 -0.0271644825728082 -0.00170094154980285 -0.0271644825728082 0.937473402576145
1.10445402353399 -0.0159629172168231 -0.00193528966714667 -0.0159629172168231 0.97674909417043 -0.0311714517391015 -0.00193528966714667 -0.0311714517391015 0.928197029330667
1.1193112600123 -0.01819790431275 -0.00216180522622123 -0.01819790431275 0.973763131120774 -0.0351244367693647 -0.00216180522622123 -0.0351244367693647 0.919031210256743
1.13437261297974 -0.0204555538185677 -0.00238052687944905 -0.0204555538185677 0.970808739362611 -0.0390241116345717 -0.00238052687944905 -0.0390241116345717 0.909974599114695
1.14964086686502 -0.0227362507416072 -0.00259149201273489 -0.0227362507416072 0.967885630945356 -0.0428711421628823 -0.00259149201273489 -0.0428711421628823 0.901025866114603
1.16511884427902 -0.025040384467934 -0.00279473675008962 -0.025040384467934 0.964993522559421 -0.0466661861404924 -0.00279473675008962 -0.0466661861404924 0.892183697715482
1.18080940653593 -0.0273683488330605 -0.00299029595804904 -0.0273683488330605 0.962132135495164 -0.0504098934112698 -0.00299029595804904 -0.0504098934112698 0.883446796426913
1.19671545418164 -0.0297205421934934 -0.00317820324988833 -0.0297205421934934 0.959301195602549 -0.0541029059751902 -0.00317820324988833 -0.0541029059751902 0.8748138806131
1.21283992752931 -0.0320973674991298 -0.00335849098963249 -0.0320973674991298 0.956500433251524 -0.0577458580855929 -0.00335849098963249 -0.0577458580855929 0.866283684299323
1.22918580720232 -0.0344992323665128 -0.00353119029586324 -0.0344992323665128 0.953729583293102 -0.0613393763452656 -0.00353119029586324 -0.0613393763452656 0.857854956980757
1.24575611468458 -0.0369265491529655 -0.00369633104532259 -0.0369265491529655 0.950988385021128 -0.0648840798013757 -0.00369633104532259 -0.0648840798013757 0.849526463433623
1.26255391287852 -0.0393797350316103 -0.00385394187631369 -0.0393797350316103 0.948276582134755 -0.068380580039262 -0.00385394187631369 -0.068380580039262 0.841296983528656
1.27958230667058 -0.0418592120672917 -0.00400405019189903 -0.0418592120672917 0.945593922701598 -0.0718294812751018 -0.00400405019189903 -0.0718294812751018 0.833165312046851
1.29684444350453 -0.0443654072934148 -0.00414668216289623 -0.0443654072934148 0.942940159121572 -0.0752313804474639 -0.00414668216289623 -0.0752313804474639 0.825130258497454
1.31434351396264 -0.0468987527897141 -0.00428186273067198 -0.0468987527897141 0.940315048091398 -0.0785868673077664 -0.00428186273067198 -0.0785868673077664 0.81719064693819
1.33208275235481 -0.0494596857609655 -0.00440961560973401 -0.0494596857609655 0.937718350569802 -0.081896524509651 -0.00440961560973401 -0.081896524509651 0.809345315797684
1.35006543731574 -0.0520486486166586 -0.00452996329012133 -0.0520486486166586 0.93514983174336 -0.0851609276972832 -0.00452996329012133 -0.0851609276972832 0.801593117700046
1.3682948924103 -0.0546660890516397 -0.00464292703959309 -0.0546660890516397 0.932609260993011 -0.0883806455926001 -0.00464292703959309 -0.0883806455926001 0.793932919291616
1.38677448674723 -0.057312460127745 -0.00474852690561569 -0.057312460127745 0.930096411861233 -0.0915562400815106 -0.00474852690561569 -0.0915562400815106 0.786363601069813
1.40550763560117 -0.0599882203564354 -0.00484678171714906 -0.0599882203564354 0.927611062019865 -0.0946882662990683 -0.00484678171714906 -0.0946882662990683 0.778884057214083
1.4244978010433 -0.0626938337824489 -0.0049377090862308 -0.0626938337824489 0.925152993238578 -0.0977772727136222 -0.0049377090862308 -0.0977772727136222 0.771493195418917
1.44374849258054 -0.0654297700684874 -0.0050213254093599 -0.0654297700684874 0.922721991353995 -0.100823801209967 -0.0050213254093599 -0.100823801209967 0.764189936728904
1.46326326780356 -0.0681965045809508 -0.00509764586867831 -0.0681965045809508 0.920317846239438 -0.103828387171496 -0.00509764586867831 -0.103828387171496 0.756973215375805
1.48304573304362 -0.070994518476736 -0.00516668443295169 -0.070994518476736 0.917940351775329 -0.106791559561379 -0.00516668443295169 -0.106791559561379 0.749841978617624
1.50309954403845 -0.073824298791117 -0.00522845385834818 -0.073824298791117 0.915589305820199 -0.109713841002769 -0.00522845385834818 -0.109713841002769 0.742795186579633
1.52342840660725 -0.0766863385267199 -0.00528296568901588 -0.0766863385267199 0.913264510182345 -0.112595747858052 -0.00528296568901588 -0.112595747858052 0.735831812097359
1.54403607733487 -0.0795811367436114 -0.00533023025745821 -0.0795811367436114 0.910965770592096 -0.115437790307159 -0.00533023025745821 -0.115437790307159 0.728950840561476
1.56492636426544 -0.0825091986505164 -0.00537025668470748 -0.0825091986505164 0.908692896674703 -0.118240472424938 -0.00537025668470748 -0.118240472424938 0.722151269764605
1.58610312760544 -0.0854710356971809 -0.00540305288029611 -0.0854710356971809 0.906445701923845 -0.121004292257614 -0.00540305288029611 -0.121004292257614 0.71543210974998
1.60757028043644 -0.088467165667898 -0.00542862554202532 -0.088467165667898 0.904224003675747 -0.123729741898335 -0.00542862554202532 -0.123729741898335 0.708792382661968
1.62933178943761 -0.0914981127762145 -0.00544698015553113 -0.0914981127762145 0.902027623083902 -0.126417307561822 -0.00544698015553113 -0.126417307561822 0.702231122598419
1.65139167561803 -0.0945644077608332 -0.00545812099364692 -0.0945644077608332 0.899856385094404 -0.129067469658138 -0.00545812099364692 -0.129067469658138 0.69574737546482
1.67375401505915 -0.0976665879827311 -0.00546205111556286 -0.0976665879827311 0.897710118421877 -0.131680702865571 -0.00546205111556286 -0.131680702865571 0.689340198830234
1.69642293966736 -0.10080519752351 -0.00545877236578115 -0.10080519752351 0.895588655526006 -0.134257476202669 -0.00545877236578115 -0.134257476202669 0.683008661784997
1.71940263793682 -0.103980787284998 -0.00544828537286689 -0.103980787284998 0.89349183258866 -0.13679825309941 -0.00544828537286689 -0.13679825309941 0.676751844800164
1.74269735572284 -0.107193915090119 -0.00543058954799427 -0.107193915090119 0.891419489491613 -0.139303491467536 -0.00543058954799427 -0.139303491467536 0.670568839588667
1.76631139702576 -0.110445145785052 -0.00540568308328721 -0.110445145785052 0.889371469794842 -0.141773643770052 -0.00540568308328721 -0.141773643770052 0.664458748968176
1.79024912478559 -0.113735051342693 -0.00537356294995436 -0.113735051342693 0.887347620715427 -0.144209157089911 -0.00537356294995436 -0.144209157089911 0.658420686725634
1.81451496168755 -0.117064210967443 -0.00533422489621735 -0.117064210967443 0.885347793107019 -0.146610473197881 -0.00533422489621735 -0.146610473197881 0.652453777483453
1.83911339097861 -0.120433211201345 -0.00528766344503224 -0.120433211201345 0.883371841439904 -0.148978028619617 -0.00528766344503224 -0.148978028619617 0.646557156567347
1.86404895729522 -0.123842646031578 -0.00523387189160292 -0.123842646031578 0.88141962378163 -0.151312254701943 -0.00523387189160292 -0.151312254701943 0.640729969875777
1.8893262675024 -0.127293116999339 -0.00517284230068645 -0.127293116999339 0.87949100177822 -0.153613577678352 -0.00517284230068645 -0.153613577678352 0.634971373751003
1.91494999154423 -0.130785233310127 -0.00510456550368893 -0.130785233310127 0.877585840635956 -0.155882418733739 -0.00510456550368893 -0.155882418733739 0.629280534851701
1.94092486330612 -0.134319611945453 -0.00502903109555166 -0.134319611945453 0.875704009103731 -0.158119194068369 -0.00502903109555166 -0.158119194068369 0.623656630027153
1.96725568148876 -0.137896877775987 -0.00494622743142665 -0.137896877775987 0.873845379455975 -0.160324314961106 -0.00494622743142665 -0.160324314961106 0.618098846192967
1.99394731049408 -0.141517663676184 -0.0048561416231404 -0.141517663676184 0.872009827476142 -0.162498187831885 -0.0048561416231404 -0.162498187831885 0.61260638020832
2.02100468132336 -0.14518261064038 -0.00475875953544559 -0.14518261064038 0.870197232440765 -0.164641214303467 -0.00475875953544559 -0.164641214303467 0.607178438754702
2.04843279248763 -0.148892367900408 -0.00465406578205921 -0.148892367900408 0.868407477104074 -0.166753791262467 -0.00465406578205921 -0.166753791262467 0.601814238216154
2.07623671093046 -0.152647593044737 -0.00454204372148668 -0.152647593044737 0.866640447683174 -0.168836310919668 -0.00454204372148668 -0.168836310919668 0.596513004560957
