0.937935291703534 0.0292232176266951 0.020098952329141 0.0292232176266951 1.03761780703669 0.0250829679912447 0.020098952329141 0.0250829679912447 1.02942872336178
0.927101013404107 0.0345636234231798 0.023796021059884 0.0345636234231798 1.04483770428396 0.0299328445748691 0.023796021059884 0.0299328445748691 1.03503717942122
0.916436987978732 0.0398978342514166 0.0274963086330192 0.0398978342514166 1.05215629822991 0.0348600540345041 0.0274963086330192 0.0348600540345041 1.04071037038122
0.905941185236433 0.0452267405524401 0.0312004327836794 0.0452267405524401 1.05957456022107 0.03986541937073 0.0312004327836794 0.03986541937073 1.04644899270466
0.895611606017915 0.0505512305342996 0.0349090109649185 0.0505512305342996 1.06709347656671 0.0449497755211014 0.0349090109649185 0.0449497755211014 1.05225375245937
0.885446281816361 0.0558721903231098 0.0386226604508235 0.0558721903231098 1.07471404868008 0.0501139694812657 0.0386226604508235 0.0501139694812657 1.05812536542071
0.87544327440391 0.0611905041135179 0.0423419984394434 0.0611905041135179 1.082437293222 0.0553588604279041 0.0423419984394434 0.0553588604279041 1.0640645571756
0.865600675463728 0.0665070543186274 0.0460676421555477 0.0665070543186274 1.09026424224662 0.0606853198435091 0.0460676421555477 0.0606853198435091 1.07007206322806
0.855916606227607 0.0718227217194004 0.0498002089532367 0.0718227217194004 1.09819594334969 0.0660942316430285 0.0498002089532367 0.0660942316430285 1.07614862910622
0.846389217119022 0.0771383856135592 0.053540316418418 0.0771383856135592 1.10623345981906 0.0715864923023782 0.053540316418418 0.0715864923023782 1.08229501047084
0.837016687401588 0.0824549239640214 0.0572885824711669 0.0824549239640214 1.11437787078763 0.0771630109888558 0.0572885824711669 0.0771630109888558 1.08851197322532
0.827797224832831 0.0877732135468854 0.0610456254679874 0.0877732135468854 1.12263027138868 0.0828247096934649 0.0610456254679874 0.0828247096934649 1.09480029362734
0.818729065323227 0.0930941300989994 0.0648120643039936 0.0930941300989994 1.13099177291363 0.0885725233651765 0.0648120643039936 0.0885725233651765 1.1011607584019
0.809810472600433 0.0984185484651307 0.0685885185150257 0.0984185484651307 1.13946350297228 0.0944074000471389 0.0685885185150257 0.0944074000471389 1.1075941648561
0.801039737878653 0.10374734274477 0.0723756083797164 0.10374734274477 1.14804660565544 0.100330301014861 0.0723756083797164 0.100330301014861 1.11410132099535
0.792415179533067 0.109081386438583 0.0761739550215326 0.109081386438583 1.15674224170015 0.106342200916393 0.0761739550215326 0.106342200916393 1.12068304564132
0.78393514277927 0.114421552594553 0.0799841805107968 0.114421552594553 1.16555158865734 0.112444087914515 0.0799841805107968 0.112444087914515 1.12734016855141
0.77559799935766 0.119768713953816 0.0838069079667184 0.119768713953816 1.17447584106211 0.118636963830954 0.0838069079667184 0.118636963830954 1.1340735305399
0.767402147222706 0.125123743096231 0.0876427616594413 0.125123743096231 1.18351621060651 0.12492184429267 0.0876427616594413 0.12492184429267 1.14088398360075
0.759346010237053 0.130487512585707 0.0914923671121323 0.130487512585707 1.19267392631493 0.131299758880203 0.0914923671121323 0.131299758880203 1.1477723910321
0.751428037870383 0.135860895115299 0.0953563512031208 0.135860895115299 1.20195023472214 0.137771751278124 0.0953563512031208 0.137771751278124 1.15473962756238
0.743646704903 0.141244763652118 0.0992353422681124 0.141244763652118 1.21134640005393 0.144338879427604 0.0992353422681124 0.144338879427604 1.16178657947824
0.736000511134063 0.146639991582057 0.103129970202492 0.146639991582057 1.22086370441044 0.151002215681125 0.103129970202492 0.151002215681125 1.16891414475412
0.728487981094418 0.152047452854379 0.107040866563724 0.152047452854379 1.23050344795219 0.157762846959349 0.107040866563724 0.157762846959349 1.17612323318362
0.72110766376399 0.157468022126173 0.110968664673891 0.157468022126173 1.24026694908881 0.164621874910184 0.110968664673891 0.164621874910184 1.1834147665126
0.713858132293638 0.162902574906711 0.11491399972235 0.162902574906711 1.25015554467057 0.171580416070048 0.11491399972235 0.171580416070048 1.1907896785741
0.706737983731482 0.168351987701737 0.118877508868562 0.168351987701737 1.26017059018259 0.178639602027374 0.118877508868562 0.178639602027374 1.19824891542506
0.699745838753587 0.173817138157691 0.122859831345087 0.173817138157691 1.270313459942 0.185800579588368 0.122859831345087 0.185800579588368 1.2057934354848
0.692880341399 0.179298905205917 0.126861608560768 0.179298905205917 1.28058554729776 0.193064510945049 0.126861608560768 0.193064510945049 1.21342420967549
0.686140158809063 0.184798169206859 0.130883484204122 0.184798169206859 1.29098826483351 0.2004325738456 0.130883484204122 0.2004325738456 1.22114222156433
0.679523980970967 0.190315812094283 0.134926104346957 0.190315812094283 1.30152304457321 0.207905961767033 0.134926104346957 0.207905961767033 1.2289484675077
0.673030520465481 0.195852717519544 0.138990117548226 0.195852717519544 1.31219133818971 0.215485884090233 0.138990117548226 0.215485884090233 1.23684395679723
0.666658512218828 0.201409770995911 0.143076174958139 0.201409770995911 1.32299461721632 0.223173566277361 0.143076174958139 0.223173566277361 1.24482971180778
0.660406713258648 0.206987860042997 0.147184930422547 0.206987860042997 1.33393437326133 0.230970250051683 0.147184930422547 0.230970250051683 1.25290676814731
0.654273902473999 0.212587874331297 0.151317040587625 0.212587874331297 1.34501211822554 0.238877193579815 0.151317040587625 0.238877193579815 1.26107617480886
0.64825888037936 0.218210705826869 0.155473165004849 0.218210705826869 1.35622938452284 0.246895671656442 0.155473165004849 0.246895671656442 1.2693389943244
0.642360468882588 0.223857248936176 0.159653966236313 0.223857248936176 1.36758772530389 0.255026975891512 0.159653966236313 0.255026975891512 1.27769630292075
0.636577511056769 0.22952840065112 0.163860109960374 0.22952840065112 1.37908871468291 0.263272414899961 0.163860109960374 0.263272414899961 1.28614919067755
0.630908870915954 0.235225060694281 0.168092265077671 0.235225060694281 1.39073394796753 0.271633314493958 0.168092265077671 0.271633314493958 1.29469876168729
0.625353433194691 0.240948131664394 0.172351103817501 0.240948131664394 1.40252504189198 0.280111017877741 0.172351103817501 0.280111017877741 1.3033461342174
0.619910103131353 0.246698519182092 0.17663730184461 0.246698519182092 1.41446363485331 0.288706885845034 0.17663730184461 0.288706885845034 1.31209244087451
0.614577806255194 0.252477132035916 0.180951538366375 0.252477132035916 1.426551387151 0.297422296979111 0.180951538366375 0.297422296979111 1.32093882877077
0.609355488177101 0.25828488232865 0.185294496240426 0.25828488232865 1.43878998122977 0.306258647855499 0.185294496240426 0.306258647855499 1.32988645969238
0.604242114383999 0.264122685623969 0.189666862082708 0.264122685623969 1.45118112192573 0.315217353247373 0.189666862082708 0.315217353247373 1.33893651027032
0.599236670036875 0.269991461093456 0.194069326376003 0.269991461093456 1.46372653671588 0.324299846333679 0.194069326376003 0.324299846333679 1.34809017215326
0.594338159772375 0.27589213166399 0.198502583578938 0.27589213166399 1.47642797597099 0.333507578909987 0.198502583578938 0.333507578909987 1.3573486521827
0.589545607507941 0.281825624165534 0.202967332235484 0.281825624165534 1.48928721321196 0.342842021602133 0.202967332235484 0.342842021602133 1.36671317257037
0.584858056250439 0.287792869479359 0.207464275084971 0.287792869479359 1.50230604536952 0.352304664082672 0.207464275084971 0.352304664082672 1.37618497107799
0.580274567908264 0.293794802686704 0.211994119172635 0.293794802686704 1.51548629304758 0.361897015290158 0.211994119172635 0.361897015290158 1.38576530119922
0.575794223106862 0.299832363217926 0.216557575960717 0.299832363217926 1.52882980078999 0.37162060365132 0.216557575960717 0.37162060365132 1.39545543234407
