1.02887024207416 0.0170538263583746 0.0155612489186923 0.0170538263583746 0.926676883451877 -0.00168583915979659 0.0155612489186923 -0.00168583915979659 1.04940387288983
1.03432021499038 0.0200984981502838 0.0185463725268234 0.0200984981502838 0.913838892426892 -0.00196203248554495 0.0185463725268234 -0.00196203248554495 1.05876566242885
1.03981654339816 0.023117227080806 0.0215720991287319 0.023117227080806 0.901189338226914 -0.00222796264848721 0.0215720991287319 -0.00222796264848721 1.06821894754961
1.04535949813654 0.0261105086812295 0.0246389264161121 0.0261105086812295 0.888725512792081 -0.00248367318049069 0.0246389264161121 -0.00248367318049069 1.07776464983687
1.05094935441654 0.0290788322880272 0.0277473570858183 0.0290788322880272 0.876444747337955 -0.0027292057244979 0.0277473570858183 -0.0027292057244979 1.08740370045293
1.05658639183805 0.0320226811413526 0.0308978988984905 0.0320226811413526 0.864344411788657 -0.00296460004800513 0.0308978988984905 -0.00296460004800513 1.09713704023585
1.06227089440717 0.0349425324821886 0.0340910647377151 0.0349425324821886 0.852421914218213 -0.00318989405619867 0.0340910647377151 -0.00318989405619867 1.10696561979884
1.06800315055417 0.0378388576481914 0.0373273726697292 0.0378388576481914 0.840674700299975 -0.00340512380475265 0.0373273726697292 -0.00340512380475265 1.11689039963064
1.07378345315207 0.0407121221682345 0.0406073460036699 0.0407121221682345 0.82910025276401 -0.00361032351229149 0.0406073460036699 -0.00361032351229149 1.1269123501969
1.07961209953565 0.0435627858556726 0.0439315133523809 0.0435627858556726 0.817696090862368 -0.00380552557252031 0.0439315133523809 -0.00380552557252031 1.13703245204277
1.08548939152118 0.0463913029003548 0.0473004086937777 0.0463913029003548 0.806459769842065 -0.00399076056602579 0.0473004086937777 -0.00399076056602579 1.14725169589647
1.09141563542659 0.0491981219593967 0.0507145714327863 0.0491981219593967 0.795388880425715 -0.00416605727175232 0.0507145714327863 -0.00416605727175232 1.15757108277395
1.09739114209228 0.0519836862467318 0.0541745464638535 0.0519836862467318 0.784481048299667 -0.00433144267815433 0.0541745464638535 -0.00433144267815433 1.16799162408474
1.10341622690246 0.0547484336214679 0.0576808842340408 0.0547484336214679 0.773733933609571 -0.00448694199403021 0.0576808842340408 -0.00448694199403021 1.17851434173881
1.10949120980713 0.057492796675057 0.0612341408067115 0.057492796675057 0.763145230463229 -0.00463257865903803 0.0612341408067115 -0.00463257865903803 1.18914026825466
1.11561641534448 0.0602172028173021 0.0648348779258105 0.0602172028173021 0.752712666440661 -0.00476837435389883 0.0648348779258105 -0.00476837435389883 1.19987044686846
1.12179217266405 0.0629220743612181 0.0684836630807528 0.0629220743612181 0.742434002111254 -0.00489434901028815 0.0684836630807528 -0.00489434901028815 1.2107059316444
1.12801881555028 0.0656078286067654 0.0721810695719201 0.0656078286067654 0.732307030557915 -0.00501052082041955 0.0721810695719201 -0.00501052082041955 1.22164778758618
1.13429668244679 0.0682748779234701 0.0759276765767786 0.0682748779234701 0.722329576908104 -0.00511690624632246 0.0759276765767786 -0.00511690624632246 1.23269709074969
1.14062611648111 0.070923629831951 0.0797240692166255 0.070923629831951 0.712499497871662 -0.00521352002881794 0.0797240692166255 -0.00521352002881794 1.24385492835683
1.14700746549006 0.0735544870843704 0.0835708386239645 0.0735544870843704 0.702814681285338 -0.00530037519619295 0.0835708386239645 -0.00530037519619295 1.25512239891061
1.15344108204567 0.0761678477438208 0.087468582010529 0.0761678477438208 0.693273045663911 -0.00537748307257834 0.087468582010529 -0.00537748307257834 1.2665006123114
1.1599273234817 0.0787641052626718 0.0914179027359489 0.0787641052626718 0.683872539757806 -0.00544485328603076 0.0914179027359489 -0.00544485328603076 1.27799068997439
1.16646655192068 0.0813436485598843 0.0954194103770802 0.0813436485598843 0.674611142117131 -0.00550249377632216 0.0954194103770802 -0.00550249377632216 1.28959376494836
1.17305913430166 0.0839068620973161 0.099473720797995 0.0839068620973161 0.665486860662016 -0.00555041080243852 0.099473720797995 -0.00555041080243852 1.30131098203562
1.17970544240839 0.0864541259550295 0.103581456220648 0.0864541259550295 0.656497732259187 -0.0055886089497922 0.103581456220648 -0.0055886089497922 1.31314349791329
1.18640585289815 0.0889858159056158 0.107743245296219 0.0889858159056158 0.64764182230467 -0.00561709113714556 0.107743245296219 -0.00561709113714556 1.32509248125575
1.19316074733121 0.0915023034875584 0.111959723177151 0.0915023034875584 0.638917224312536 -0.00563585862325423 0.111959723177151 -0.00563585862325423 1.33715911285849
1.19997051220083 0.0940039560776407 0.116231531589877 0.0940039560776407 0.630322059509615 -0.005644911013227 0.116231531589877 -0.005644911013227 1.3493445857632
1.20683553896379 0.0964911369624235 0.120559318908257 0.0964911369624235 0.621854476436069 -0.00564424626460715 0.120559318908257 -0.00564424626460715 1.36165010538416
1.21375622407164 0.0989642054087946 0.124943740227731 0.0989642054087946 0.613512650551769 -0.00563386069317687 0.124943740227731 -0.00563386069317687 1.37407688963603
1.22073296900248 0.101423516733616 0.129385457440181 0.101423516733616 0.605294783848359 -0.00561374897848622 0.129385457440181 -0.00561374897848622 1.38662616906287
1.22776618029326 0.103869422372481 0.133885139309539 0.103869422372481 0.597199104466954 -0.00558390416910888 0.133885139309539 -0.00558390416910888 1.39929918696866
1.23485626957284 0.106302269947584 0.138443461548117 0.106302269947584 0.589223866321371 -0.00554431768762707 0.138443461548117 -0.00554431768762707 1.41209719954904
1.2420036535955 0.108722403334737 0.143061106893701 0.108722403334737 0.581367348726827 -0.0054949793353463 0.143061106893701 -0.0054949793353463 1.42502147602455
1.24920875427513 0.11113016272953 0.147738765187383 0.11113016272953 0.573627856034013 -0.00543587729674402 0.147738765187383 -0.00543587729674402 1.4380732987752
1.25647199872002 0.11352588471265 0.15247713345217 0.11352588471265 0.566003717268474 -0.00536699814365065 0.15247713345217 -0.00536699814365065 1.45125396347647
1.26379381926821 0.115909902314383 0.157276915972355 0.115909902314383 0.55849328577522 -0.00528832683916863 0.157276915972355 -0.00528832683916863 1.46456477923676
1.27117465352355 0.118282545078303 0.162138824373682 0.118282545078303 0.551094938868481 -0.00519984674132673 0.162138824373682 -0.00519984674132673 1.47800706873627
1.27861494439224 0.120644139124163 0.167063577704288 0.120644139124163 0.543807077486549 -0.00510153960647585 0.167063577704288 -0.00510153960647585 1.4915821683673
1.28611514012008 0.122995007209997 0.172051902516454 0.122995007209997 0.536628125851617 -0.00499338559242474 0.172051902516454 -0.00499338559242474 1.50529142837605
1.29367569433033 0.12533546879346 0.17710453294916 0.12533546879346 0.529556531134555 -0.00487536326131777 0.17710453294916 -0.00487536326131777 1.51913621300596
1.30129706606216 0.127665840092395 0.182222210811458 0.127665840092395 0.522590763124543 -0.00474744958225701 0.182222210811458 -0.00474744958225701 1.53311790064244
1.30897971980972 0.129986434144664 0.187405685666674 0.129986434144664 0.515729313903499 -0.00460961993366985 0.187405685666674 -0.00460961993366985 1.5472378839592
1.31672412556191 0.132297560867233 0.192655714917443 0.132297560867233 0.508970697525221 -0.00446184810542308 0.192655714917443 -0.00446184810542308 1.56149757006612
1.32453075884267 0.134599527114544 0.197973063891591 0.134599527114544 0.5023134496992 -0.00430410630068519 0.197973063891591 -0.00430410630068519 1.57589838065859
1.33240010075199 0.136892636736166 0.203358505928873 0.136892636736166 0.495756127478994 -0.00413636513753812 0.203358505928873 -0.00413636513753812 1.5904417521685
1.34033263800755 0.139177190633754 0.208812822468573 0.139177190633754 0.489297308955142 -0.00395859365033945 0.208812822468573 -0.00395859365033945 1.60512913591677
1.34832886298694 0.14145348681731 0.214336803137981 0.14145348681731 0.482935592952531 -0.00377075929083692 0.214336803137981 -0.00377075929083692 1.61996199826748
1.35638927377059 0.143721820460776 0.219931245841754 0.143721820460776 0.476669598732139 -0.00357282792903676 0.219931245841754 -0.00357282792903676 1.63494182078361
