1.05962750962853 0.00161076868390715 -0.00541132447850057 0.00161076868390715 0.936871529225226 0.0322139337524505 -0.00541132447850057 0.0322139337524505 1.00845682197045
1.07096325913863 0.00188684273071358 -0.00643884042506376 0.00188684273071358 0.925834281477502 0.0379338545752932 -0.00643884042506376 0.0379338545752932 1.01013529450675
1.08242129901323 0.00215689407369192 -0.00747720208255118 0.00215689407369192 0.914964096404582 0.043595042630261 -0.00747720208255118 0.043595042630261 1.01185186870124
1.09400294550411 0.00242096710794484 -0.00852658061981063 0.00242096710794484 0.90425861338012 0.0491984295166399 -0.00852658061981063 0.0491984295166399 1.01360625521404
1.10570952911701 0.00267910506721972 -0.00958714846631927 0.00267910506721972 0.893715505737176 0.0547449338586452 -0.00958714846631927 0.0547449338586452 1.01539817008977
1.11754239476493 0.00293135003461601 -0.0106590793349128 0.00293135003461601 0.883332480282099 0.06023546149321 -0.0106590793349128 0.06023546149321 1.01722733468813
1.12950290192301 0.00317774295306727 -0.0117425482446303 0.00317774295306727 0.873107276815392 0.0656709056550968 -0.0117425482446303 0.0656709056550968 1.01909347561547
1.14159242478518 0.0034183236356108 -0.0128377315436804 0.0034183236356108 0.86303766765944 0.071052147159364 -0.0128377315436804 0.071052147159364 1.0209963246574
1.15381235242251 0.00365313077544391 -0.013944806932531 0.00365313077544391 0.853121457193007 0.0763800545812364 -0.013944806932531 0.0763800545812364 1.02293561871247
1.16616408894318 0.00388220195576698 -0.0150639534871261 0.00388220195576698 0.843356481392414 0.0816554844334003 -0.0150639534871261 0.0816554844334003 1.02491109972687
1.17864905365433 0.00410557365941794 -0.0161953516822306 0.00410557365941794 0.833740607379284 0.086879281340782 -0.0161953516822306 0.086879281340782 1.02692251463004
1.19126868122555 0.00432328127830129 -0.0173391834149111 0.00432328127830129 0.824271732974784 0.0920522782128232 -0.0173391834149111 0.0920522782128232 1.02896961527142
1.20402442185418 0.00453535912260983 -0.0184956320281503 0.00453535912260983 0.814947786260247 0.0971752964133066 -0.0184956320281503 0.0971752964133066 1.031052158358
1.21691774143244 0.00474184042984746 -0.0196648823346021 0.00474184042984746 0.805766725144095 0.102249145927758 -0.0196648823346021 0.102249145927758 1.03316990539298
1.22995012171631 0.00494275737364864 -0.020847120640489 0.00494275737364864 0.796726536934985 0.10727462552846 -0.020847120640489 0.10727462552846 1.03532262261529
1.24312306049632 0.00513814107240132 -0.0220425347696446 0.00513814107240132 0.787825237921051 0.112252522937122 -0.0220425347696446 0.112252522937122 1.03751008094008
1.25643807177007 0.00532802159767251 -0.023251314087706 0.00532802159767251 0.779060872955195 0.117183614985217 -0.023251314087706 0.117183614985217 1.03973205590008
1.26989668591677 0.00551242798244272 -0.0244736495264567 0.00551242798244272 0.770431515046328 0.122068667772049 -0.0244736495264567 0.122068667772049 1.04198832758796
1.28350044987357 0.00569138822914337 -0.0257097336083275 0.00569138822914337 0.761935264956454 0.126908436820561 -0.0257097336083275 0.126908436820561 1.04427868059951
1.29725092731381 0.00586492931750835 -0.026959760471052 0.00586492931750835 0.753570250803546 0.131703667230921 -0.026959760471052 0.131703667230921 1.04660290397771
1.31114969882726 0.00603307721223558 -0.0282239258924881 0.00603307721223558 0.745334627670114 0.136455093831923 -0.0282239258924881 0.136455093831923 1.04896079115774
1.32519836210227 0.00619585687046175 -0.0295024273156015 0.00619585687046175 0.737226577217379 0.14116344133024 -0.0295024273156015 0.14116344133024 1.05135213991274
1.33939853210986 0.00635329224905406 -0.0307954638736187 0.00635329224905406 0.729244307304982 0.145829424457529 -0.0307954638736187 0.145829424457529 1.05377675230055
1.3537518412899 0.0065054063117183 -0.0321032364153511 0.0065054063117183 0.721386051616151 0.150453748115472 -0.0321032364153511 0.150453748115472 1.05623443461113
1.36825993973923 0.00665222103592431 -0.033425947530695 0.00665222103592431 0.713650069288236 0.155037107518724 -0.033425947530695 0.155037107518724 1.05872499731499
1.38292449540183 0.00679375741965611 -0.0347638015763087 0.00679375741965611 0.706034644548547 0.159580188335843 -0.0347638015763087 0.159580188335843 1.06124825501225
1.39774719426109 0.0069300354879805 -0.0361170047014711 0.0069300354879805 0.698538086355407 0.164083666828213 -0.0361170047014711 0.164083666828213 1.06380402638267
1.41272974053411 0.0070610742994432 -0.037485764874126 0.0070610742994432 0.691158728044362 0.168548209986982 -0.037485764874126 0.168548209986982 1.06639213413632
1.42787385686813 0.00718689195228755 -0.0388702919071139 0.00718689195228755 0.683894926979453 0.172974475668058 -0.0388702919071139 0.172974475668058 1.06901240496517
1.44318128453911 0.00730750559050418 -0.0402707974845962 0.00730750559050418 0.676745064209498 0.177363112725185 -0.0402707974845962 0.177363112725185 1.07166466949536
1.45865378365244 0.00742293140970378 -0.0416874951886722 0.00742293140970378 0.669707544129301 0.181714761141126 -0.0416874951886722 0.181714761141126 1.07434876224026
1.47429313334578 0.00753318466282929 -0.0431206005261988 0.00753318466282929 0.662780794145711 0.186030052156976 -0.0431206005261988 0.186030052156976 1.07706452155431
1.49010113199418 0.00763827966569153 -0.0445703309558064 0.00763827966569153 0.655963264348483 0.190309608399641 -0.0445703309558064 0.190309608399641 1.07981178958752
1.50607959741737 0.00773822980234232 -0.0460369059151246 0.00773822980234232 0.64925342718585 0.194554044007507 -0.0460369059151246 0.194554044007507 1.08259041224082
1.5222303670893 0.00783304753028304 -0.0475205468482155 0.00783304753028304 0.642649777144751 0.198763964754318 -0.0475205468482155 0.198763964754318 1.08540023912204
1.53855529834996 0.00792274438550712 -0.0490214772332179 0.00792274438550712 0.636150830435641 0.202939968171293 -0.0490214772332179 0.202939968171293 1.0882411235026
1.55505626861947 0.00800733098738126 -0.0505399226102073 0.00800733098738126 0.629755124681831 0.207082643667517 -0.0505399226102073 0.207082643667517 1.091112922275
1.57173517561454 0.00808681704336779 -0.0520761106092783 0.00808681704336779 0.62346121861327 0.211192572648612 -0.0520761106092783 0.211192572648612 1.09401549591089
1.58859393756718 0.00816121135358506 -0.0536302709788451 0.00816121135358506 0.617267691764727 0.215270328633725 -0.0536302709788451 0.215270328633725 1.09694870841987
1.60563449344591 0.00823052181520539 -0.0552026356141717 0.00823052181520539 0.611173144178305 0.219316477370864 -0.0552026356141717 0.219316477370864 1.099912427309
1.62285880317923 0.00829475542670773 -0.0567934385861319 0.00829475542670773 0.605176196110211 0.223331576950581 -0.0567934385861319 0.223331576950581 1.10290652354292
1.64026884788158 0.00835391829196367 -0.0584029161702005 0.00835391829196367 0.599275487741736 0.227316177918058 -0.0584029161702005 0.227316177918058 1.10593087150467
1.65786663008176 0.0084080156241695 -0.0600313068756848 0.0084080156241695 0.593469678894392 0.23127082338359 -0.0600313068756848 0.23127082338359 1.10898534895712
1.67565417395376 0.00845705174963359 -0.061678851475194 0.00845705174963359 0.587757448749112 0.23519604913151 -0.061678851475194 0.23519604913151 1.11206983700508
1.69363352555016 0.0085010301114001 -0.063345793034356 0.0085010301114001 0.582137495569499 0.23909238372756 -0.063345793034356 0.23909238372756 1.11518422005803
1.71180675303798 0.00853995327272943 -0.0650323769417804 0.00853995327272943 0.576608536429032 0.242960348624753 -0.0650323769417804 0.242960348624753 1.11832838579346
1.73017594693716 0.00857382292042694 -0.0667388509392739 0.00857382292042694 0.57116930694219 0.246800458267718 -0.0667388509392739 0.246800458267718 1.12150222512085
1.74874322036155 0.00860263986801792 -0.0684654651523128 0.00860263986801792 0.56581856099943 0.250613220195581 -0.0684654651523128 0.250613220195581 1.12470563214622
1.76751070926257 0.00862640405878153 -0.0702124721207725 0.00862640405878153 0.560555070505973 0.25439913514338 -0.0702124721207725 0.25439913514338 1.12793850413733
1.78648057267542 0.00864511456863476 -0.071980126829924 0.00864511456863476 0.555377625124324 0.258158697142044 -0.071980126829924 0.258158697142044 1.13120074148947
