0.957011500358017 -0.0279906575940853 0.00919757025435329 -0.0279906575940853 1.0639390153954 -0.0351480725554768 0.00919757025435329 -0.0351480725554768 0.984112524197576
0.949413598300812 -0.0332263704852374 0.0109335701911613 -0.0332263704852374 1.07633299362462 -0.0418099346757425 0.0109335701911613 -0.0418099346757425 0.981364021434962
0.941906740922118 -0.0384936573381677 0.0126847829061571 -0.0384936573381677 1.0889357929752 -0.0485385736732643 0.0126847829061571 -0.0485385736732643 0.978668826977762
0.934490376030569 -0.0437934337282112 0.0144515127148294 -0.0437934337282112 1.10175035682579 -0.0553351586606181 0.0144515127148294 -0.0553351586606181 0.976027226218841
0.927163961064892 -0.0491266247007718 0.0162340678783463 -0.0491266247007718 1.11477967387238 -0.0622008753181926 0.0162340678783463 -0.0622008753181926 0.973439511576412
0.919926963070522 -0.0544941649522447 0.0180327606673867 -0.0544941649522447 1.12802677879357 -0.0691369261459464 0.0180327606673867 -0.0691369261459464 0.970905982583948
0.912778858677417 -0.0598969990132686 0.0198479074268823 -0.0598969990132686 1.14149475292566 -0.0761445307189057 0.0198479074268823 -0.0761445307189057 0.968426945981511
0.905719134079098 -0.065336081434345 0.0216798286416855 -0.065336081434345 1.15518672494814 -0.0832249259464549 0.0216798286416855 -0.0832249259464549 0.966002715808526
0.898747285012912 -0.0708123769738637 0.0235288490031741 -0.0708123769738637 1.16910587157932 -0.0903793663354788 0.0235288490031741 -0.0903793663354788 0.963633613498014
0.891862816741515 -0.0763268607885778 0.0253952974768104 -0.0763268607885778 1.18325541828259 -0.0976091242574146 0.0253952974768104 -0.0976091242574146 0.961319967972327
0.885065244035592 -0.0818805186265624 0.0272795073706684 -0.0818805186265624 1.19763863998322 -0.104915490219272 0.0272795073706684 -0.104915490219272 0.959062115740379
0.878354091157804 -0.0874743470227013 0.0291818164049416 -0.0874743470227013 1.212258861796 -0.112299773138679 0.0291818164049416 -0.112299773138679 0.956860400996412
0.871728891847977 -0.0931093534967433 0.0311025667824513 -0.0931093534967433 1.22711945976388 -0.119763300623012 0.0311025667824513 -0.119763300623012 0.954715175720317
0.865189189309532 -0.0987865567539636 0.0330421052601649 -0.0987865567539636 1.2422238616076 -0.12730741925268 0.0330421052601649 -0.12730741925268 0.952626799779528
0.858734536197166 -0.104506986888483 0.035000783221745 -0.104506986888483 1.25757554748678 -0.134933494868617 0.035000783221745 -0.134933494868617 0.950595641032522
0.85236449460578 -0.110271685589276 0.0369789567511402 -0.110271685589276 1.27317805077231 -0.14264291286404 0.0369789567511402 -0.14264291286404 0.948622075433928
0.846078636060673 -0.116081706348921 0.0389769867072378 -0.116081706348921 1.28903495883046 -0.150437078480557 0.0389769867072378 -0.150437078480557 0.9467064871413
0.839876541508995 -0.121938114675133 0.0409952387995918 -0.121938114675133 1.30514991381874 -0.158317417108665 0.0409952387995918 -0.158317417108665 0.944849268623548
0.833757801312467 -0.127841988305115 0.0430340836652427 -0.127841988305115 1.32152661349375 -0.166285374592721 0.0430340836652427 -0.166285374592721 0.943050820771066
0.827722015241379 -0.133794417422795 0.0450938969466485 -0.133794417422795 1.33816881203119 -0.174342417540447 0.0450938969466485 -0.174342417540447 0.941311553007585
0.821768792469874 -0.13979650487897 0.0471750593707395 -0.13979650487897 1.35508032085816 -0.182490033637037 0.0471750593707395 -0.182490033637037 0.93963188340377
0.815897751572512 -0.145849366414419 0.0492779568291182 -0.145849366414419 1.37226500949803 -0.190729731963932 0.0492779568291182 -0.190729731963932 0.938012238792585
0.810108520522128 -0.151954130886028 0.0514029804594182 -0.151954130886028 1.38972680642795 -0.199063043322341 0.0514029804594182 -0.199063043322341 0.936453054886452
0.804400736689001 -0.158111940495974 0.0535505267278435 -0.158111940495974 1.4074696999493 -0.207491520561568 0.0535505267278435 -0.207491520561568 0.934954776396249
0.798774046841315 -0.164323951024017 0.0557209975129005 -0.164323951024017 1.42549773907121 -0.216016738912222 0.0557209975129005 -0.216016738912222 0.933517857152133
0.793228107146953 -0.170591332062954 0.0579148001903497 -0.170591332062954 1.44381503440729 -0.224640296324395 0.0579148001903497 -0.224640296324395 0.932142760226269
0.787762583176596 -0.176915267257272 0.0601323477193839 -0.176915267257272 1.46242575908595 -0.233363813810851 0.0601323477193839 -0.233363813810851 0.930829958057441
0.782377149908163 -0.183296954545072 0.0623740587300636 -0.183296954545072 1.48133414967431 -0.242188935795336 0.0623740587300636 -0.242188935795336 0.929579932577608
0.777071491732589 -0.189737606403293 0.0646403576120191 -0.189737606403293 1.50054450711597 -0.251117330466066 0.0646403576120191 -0.251117330466066 0.92839317534042
0.771845302460941 -0.196238450096304 0.0669316746044448 -0.196238450096304 1.52006119768294 -0.26015069013447 0.0669316746044448 -0.26015069013447 0.92727018765172
0.766698285332896 -0.202800727927908 0.0692484458874009 -0.202800727927908 1.53988865394181 -0.269290731599278 0.0692484458874009 -0.269290731599278 0.926211480702073
0.761630153026578 -0.209425697496818 0.0715911136744463 -0.209425697496818 1.56003137573442 -0.278539196516021 0.0715911136744463 -0.278539196516021 0.925217575701339
0.756640627669766 -0.216114631955657 0.0739601263066193 -0.216114631955657 1.58049393117328 -0.287897851772027 0.0739601263066193 -0.287897851772027 0.924289004015328
0.751729440852488 -0.222868820273533 0.076355938347789 -0.222868820273533 1.6012809576519 -0.297368489867011 0.076355938347789 -0.297368489867011 0.923426307304567
0.746896333640997 -0.229689567502261 0.0787790106813976 -0.229689567502261 1.62239716287031 -0.306952929299316 0.0787790106813976 -0.306952929299316 0.922630037665204
0.742141056593152 -0.236578195046254 0.081229810608613 -0.236578195046254 1.64384732587597 -0.316653014957907 0.081229810608613 -0.316653014957907 0.921900757772091
0.737463369775204 -0.243536040936192 0.0837088119479152 -0.243536040936192 1.66563629812023 -0.3264706185202 0.0837088119479152 -0.3264706185202 0.921239041024068
0.732863042780009 -0.250564460106482 0.086216495136138 -0.250564460106482 1.68776900453073 -0.336407638855815 0.086216495136138 -0.336407638855815 0.920645471691487
0.72833985474666 -0.257664824676588 0.0887533473309868 -0.257664824676588 1.71025044459986 -0.34646600243634 0.0887533473309868 -0.34646600243634 0.920120645066007
0.723893594381564 -0.264838524236293 0.0913198625150537 -0.264838524236293 1.7330856934895 -0.356647663751183 0.0913198625150537 -0.356647663751183 0.91966516761269
0.719524059980973 -0.272086966134952 0.0939165416013587 -0.272086966134952 1.75627990315235 -0.366954605729639 0.0939165416013587 -0.366954605729639 0.919279657124446
0.715231059454969 -0.279411575774793 0.0965438925404307 -0.279411575774793 1.77983830347013 -0.377388840169215 0.0965438925404307 -0.377388840169215 0.918964742878831
0.711014410352928 -0.286813796908332 0.0992024304289591 -0.286813796908332 1.80376620340874 -0.387952408170352 0.0992024304289591 -0.387952408170352 0.918721065797278
0.706873939890469 -0.294295091939971 0.101892677620037 -0.294295091939971 1.82806899219085 -0.398647380577612 0.101892677620037 -0.398647380577612 0.91854927860675
0.702809484977894 -0.301856942231835 0.104615163835019 -0.301856942231835 1.85275214048599 -0.409475858427433 0.104615163835019 -0.409475858427433 0.918450046003888
0.698820892250138 -0.309500848413923 0.107370426277021 -0.309500848413923 1.87782120161849 -0.420439973402557 0.107370426277021 -0.420439973402557 0.918424044821666
0.694908018098248 -0.31722833069863 0.110159009746082 -0.31722833069863 1.90328181279356 -0.431541888293223 0.110159009746082 -0.431541888293223 0.918471964198602
0.691070728702385 -0.325040929199717 0.112981466756022 -0.325040929199717 1.92913969634173 -0.442783797465231 0.112981466756022 -0.442783797465231 0.918594505750568
0.687308900066373 -0.332940204255788 0.115838357653001 -0.332940204255788 1.95540066098188 -0.454167927334969 0.115838357653001 -0.454167927334969 0.918792383745215
0.683622418053818 -0.34092773675836 0.118730250735842 -0.34092773675836 1.9820706031033 -0.465696536851528 0.118730250735842 -0.465696536851528 0.919066325279081
