1.06482900749334 -0.0432640834446537 -0.0037878765153344 -0.0432640834446537 0.964508133743356 0.0154782447496763 -0.0037878765153344 0.0154782447496763 0.975710643814161
1.07738531224507 -0.0513482693104598 -0.00457245868343852 -0.0513482693104598 0.95835803904372 0.0182361466981177 -0.00457245868343852 0.0182361466981177 0.971341958711949
1.09014965767551 -0.0594786137806338 -0.00538493515188971 -0.0594786137806338 0.952321138710353 0.0209688424559824 -0.00538493515188971 0.0209688424559824 0.967001551961986
1.10312481046451 -0.0676565196703849 -0.006225445789551 -0.0676565196703849 0.946396955281623 0.0236768040778393 -0.006225445789551 0.0236768040778393 0.962689240101654
1.1163135801374 -0.075883402434053 -0.0070941356620584 -0.075883402434053 0.940585026923401 0.0263605009861373 -0.0070941356620584 0.0263605009861373 0.958404841958117
1.12971881965908 -0.0841606904311976 -0.00799115507220272 -0.0841606904311976 0.934884907414842 0.0290204000365179 -0.00799115507220272 0.0290204000365179 0.954148178633615
1.14334342603699 -0.0924898251956687 -0.00891665960127934 -0.0924898251956687 0.929296166136534 0.031656965582959 -0.00891665960127934 0.031656965582959 0.94991907349104
1.15719034093314 -0.10087226170771 -0.00987081015141381 -0.10087226170771 0.92381838806105 0.0342706595427641 -0.00987081015141381 0.0342706595427641 0.945717352139792
1.1712625512854 -0.109309468669156 -0.0108537729888762 -0.109309468669156 0.91845117374587 0.0368619414613977 -0.0108537729888762 0.0368619414613977 0.941542842421913
1.18556308993795 -0.117802928781766 -0.0118657197883906 -0.117802928781766 0.913194139328708 0.0394312685771866 -0.0118657197883906 0.0394312685771866 0.937395374398506
1.20009503628138 -0.126354139028756 -0.0129068276784556 -0.126354139028756 0.908046916525255 0.041979095885886 -0.0129068276784556 0.041979095885886 0.933274780336423
1.21486151690219 -0.134964610959584 -0.0139772792876807 -0.134964610959584 0.903009152629321 0.0445058762051314 -0.0139772792876807 0.0445058762051314 0.929180894695232
1.22986570624211 -0.143635870978044 -0.0150772627921531 -0.143635870978044 0.898080510515416 0.0470120602387746 -0.0150772627921531 0.0470120602387746 0.925113554114468
1.24511082726725 -0.152369460633727 -0.0162069719638473 -0.152369460633727 0.893260668643751 0.0494980966411225 -0.0162069719638473 0.0494980966411225 0.921072597401142
1.26060015214724 -0.161166936916902 -0.0173666062200821 -0.161166936916902 0.888549321067688 0.0519644320810848 -0.0173666062200821 0.0519644320810848 0.91705786551754
1.27633700294451 -0.17002987255688 -0.0185563706740472 -0.17002987255688 0.883946177443643 0.0544115113062368 -0.0185563706740472 0.0544115113062368 0.913069201569285
1.29232475231388 -0.178959856323921 -0.0197764761863997 -0.178959856323921 0.879450963043451 0.0568397772068147 -0.0197764761863997 0.0568397772068147 0.909106450793678
1.30856682421251 -0.187958493334737 -0.0210271394179512 -0.187958493334737 0.875063418769207 0.0592496708796452 -0.0210271394179512 0.0592496708796452 0.905169460548299
1.32506669462051 -0.197027405361663 -0.0223085828834527 -0.197027405361663 0.870783301170584 0.0616416316920264 -0.0223085828834527 0.0616416316920264 0.901258080299895
1.34182789227226 -0.206168231145545 -0.0236210350064921 -0.206168231145545 0.86661038246466 0.0640160973455637 -0.0236210350064921 0.0640160973455637 0.897372161613522
1.35885399939852 -0.215382626712416 -0.0249647301755151 -0.215382626712416 0.862544450558251 0.0663735039399718 -0.0249647301755151 0.0663735039399718 0.89351155814197
1.37614865247972 -0.22467226569402 -0.026339908800985 -0.22467226569402 0.858585309072754 0.0687142860368589 -0.026339908800985 0.0687142860368589 0.889676125615443
1.39371554301035 -0.234038839652248 -0.0277468173736904 -0.234038839652248 0.854732777371551 0.0710388767234918 -0.0277468173736904 0.0710388767234918 0.885865721831522
1.41155841827471 -0.243484058407553 -0.0291857085242187 -0.243484058407553 0.850986690589931 0.0733477076765625 -0.0291857085242187 0.0733477076765625 0.882080206645382
1.42968108213423 -0.253009650371402 -0.0306568410836045 -0.253009650371402 0.847346899667599 0.0756412092259593 -0.0306568410836045 0.0756412092259593 0.878319441960285
1.44808739582641 -0.262617362882845 -0.0321604801451704 -0.262617362882845 0.843813271383748 0.077919810418555 -0.0321604801451704 0.077919810418555 0.874583291718335
1.46678127877564 -0.272308962549256 -0.0336968971275699 -0.272308962549256 0.840385688394728 0.0801839390820234 -0.0336968971275699 0.0801839390820234 0.870871621891505
1.48576670941603 -0.282086235591319 -0.0352663698390547 -0.282086235591319 0.837064049274328 0.0824340218886905 -0.0352663698390547 0.0824340218886905 0.867184300472921
1.50504772602644 -0.291950988192329 -0.0368691825429668 -0.291950988192329 0.833848268556663 0.084670484419434 -0.0368691825429668 0.084670484419434 0.86352119746842
1.52462842757785 -0.301905046851877 -0.0385056260244868 -0.301905046851877 0.830738276781724 0.0868937512276406 -0.0385056260244868 0.0868937512276406 0.859882184888372
1.54451297459333 -0.311950258743992 -0.0401759976586399 -0.311950258743992 0.827734020543565 0.089104245903228 -0.0401759976586399 0.089104245903228 0.856267136739758
1.56470559002059 -0.322088492079806 -0.0418806014795818 -0.322088492079806 0.824835462541175 0.0913023911367485 -0.0418806014795818 0.0913023911367485 0.852675929018529
1.58521056011765 -0.332321636474825 -0.0436197482511786 -0.332321636474825 0.822042581632035 0.0934886087835761 -0.0436197482511786 0.0934886087835761 0.849108439702214
1.60603223535139 -0.342651603320867 -0.045393755538894 -0.342651603320867 0.819355372888379 0.0956633199281951 -0.045393755538894 0.0956633199281951 0.845564548742804
1.6271750313095 -0.35308032616276 -0.0472029477830043 -0.35308032616276 0.816773847656204 0.0978269449485956 -0.0472029477830043 0.0978269449485956 0.842044138059892
1.64864342962585 -0.363609761079852 -0.0490476563731527 -0.363609761079852 0.814298033616995 0.0999799035807883 -0.0490476563731527 0.0999799035807883 0.838547091534086
1.67044197891954 -0.374241887072435 -0.0509282197242626 -0.374241887072435 0.81192797485225 0.102122614983449 -0.0509282197242626 0.102122614983449 0.835073295000677
1.69257529574779 -0.38497870645314 -0.0528449833538243 -0.38497870645314 0.809663731910764 0.104255497802705 -0.0528449833538243 0.104255497802705 0.831622636243579
1.71504806557286 -0.395822245243398 -0.0547982999605744 -0.395822245243398 0.807505381878735 0.106378970237066 -0.0547982999605744 0.106378970237066 0.828195004989535
1.7378650437433 -0.406774553575041 -0.0567885295045857 -0.406774553575041 0.8054530184527 0.108493450102525 -0.0567885295045857 0.108493450102525 0.824790292902575
1.76103105648961 -0.417837706097113 -0.0588160392887793 -0.417837706097113 0.803506752015307 0.110599354897825 -0.0588160392887793 0.110599354897825 0.821408393578757
1.78455100193453 -0.429013802387997 -0.0608812040418858 -0.429013802387997 0.801666709713979 0.112697101869911 -0.0608812040418858 0.112697101869911 0.818049202541156
1.80842985111831 -0.440304967372928 -0.0629844060028664 -0.440304967372928 0.799933035542459 0.114787108079578 -0.0629844060028664 0.114787108079578 0.814712617235133
1.83267264903898 -0.451713351746964 -0.0651260350068166 -0.451713351746964 0.798305890425275 0.116869790467314 -0.0651260350068166 0.116869790467314 0.811398537023858
1.85728451570799 -0.463241132403529 -0.0673064885723676 -0.463241132403529 0.796785452305155 0.118945565919376 -0.0673064885723676 0.118945565919376 0.808106863184107
1.88227064722133 -0.474890512868598 -0.0695261719906104 -0.474890512868598 0.795371916233397 0.121014851334075 -0.0695261719906104 0.121014851334075 0.804837498902319
1.90763631684649 -0.486663723740599 -0.0717854984155538 -0.486663723740599 0.794065494463244 0.123078063688311 -0.0717854984155538 0.123078063688311 0.801590349270927
1.93338687612528 -0.498563023136165 -0.0740848889561442 -0.498563023136165 0.792866416546266 0.125135620104352 -0.0740848889561442 0.125135620104352 0.798365321284948
1.95952775599296 -0.510590697141769 -0.0764247727698608 -0.510590697141769 0.791774929431784 0.127187937916876 -0.0764247727698608 0.127187937916876 0.79516232383885
1.98606446791378 -0.522749060271384 -0.0788055871579108 -0.522749060271384 0.790791297569372 0.129235434740281 -0.0788055871579108 0.129235434740281 0.791981267723677
