1.05153413092665 0.0283590747515946 -0.0456627166204567 0.0283590747515946 0.995154570346272 -0.00339396372031806 -0.0456627166204567 -0.00339396372031806 0.958344483449685
1.06159235787669 0.0337242955828381 -0.0541023624388035 0.0337242955828381 0.994354641799463 -0.00414035606750157 -0.0541023624388035 -0.00414035606750157 0.95111409271368
1.07183967283172 0.0391403047325828 -0.0625619007389019 0.0391403047325828 0.993583263284588 -0.00492522180808749 -0.0625619007389019 -0.00492522180808749 0.944012073720129
1.08227821530767 0.0446080298209603 -0.0710427809671607 0.0446080298209603 0.992840687633819 -0.00574869508123132 -0.0710427809671607 -0.00574869508123132 0.9370375935566
1.09291016106196 0.0501284092882625 -0.0795464594333359 0.0501284092882625 0.992127172246214 -0.00661091684831267 -0.0795464594333359 -0.00661091684831267 0.930189838112525
1.10373772253463 0.0557023925733432 -0.0880743995646892 0.0557023925733432 0.991442979142281 -0.00751203493161508 -0.0880743995646892 -0.00751203493161508 0.923468011990858
1.11476314929647 0.0613309402942452 -0.0966280721619055 0.0613309402942452 0.990788375019421 -0.00845220405421774 -0.0966280721619055 -0.00845220405421774 0.916871338422571
1.12598872850432 0.0670150244310691 -0.105208955656823 0.0670150244310691 0.990163631308262 -0.00943158588111064 -0.105208955656823 -0.00943158588111064 0.910399059184
1.13741678536349 0.0727556285111467 -0.113818536372016 0.0727556285111467 0.989569024229905 -0.0104503490615402 -0.113818536372016 -0.0104503490615402 0.904050434517013
1.14904968359755 0.0785537477965247 -0.122458308782281 0.0785537477965247 0.989004834854063 -0.0115086692725982 -0.122458308782281 -0.0115086692725982 0.897824743052012
1.16088982592558 0.0844103894738182 -0.131129775778072 0.0844103894738182 0.988471349158149 -0.012606729264062 -0.131129775778072 -0.012606729264062 0.891721281733757
1.17293965454674 0.0903265728464545 -0.139834448930933 0.0903265728464545 0.987968858087281 -0.0137447189044955 -0.139834448930933 -0.0137447189044955 0.885739365749992
1.18520165163264 0.0963033295293606 -0.148573848760975 0.0963033295293606 0.987497657615249 -0.0149228352286246 -0.148573848760975 -0.0149228352286246 0.879878328462893
1.19767833982724 0.102341703646111 -0.157349505006449 0.102341703646111 0.987058048806438 -0.0161412824859955 -0.157349505006449 -0.0161412824859955 0.874137521343323
1.21037228275463 0.108442752028595 -0.166162956895454 0.108442752028595 0.986650337878725 -0.0174002721909264 -0.166162956895454 -0.0174002721909264 0.868516313907877
1.22328608553467 0.114607544419225 -0.175015753419849 0.114607544419225 0.986274836267363 -0.0187000231737656 -0.175015753419849 -0.0187000231737656 0.863014093658732
1.23642239530662 0.120837163675739 -0.183909453611395 0.120837163675739 0.985931860689866 -0.0200407616334663 -0.183909453611395 -0.0200407616334663 0.857630266026292
1.24978390176093 0.127132705978624 -0.192845626820196 0.127132705978624 0.985621733211898 -0.0214227211914908 -0.192845626820196 -0.0214227211914908 0.852364254314621
1.2633733376791 0.133495281041213 -0.201825852995486 0.133495281041213 0.9853447813142 -0.0228461429470529 -0.201825852995486 -0.0228461429470529 0.847215499649667
1.27719347948203 0.139926012322482 -0.210851722968798 0.139926012322482 0.985101337960549 -0.0243112755337173 -0.210851722968798 -0.0243112755337173 0.84218346093028
1.29124714778665 0.146426037242601 -0.219924838739595 0.146426037242601 0.984891741666763 -0.02581837517736 -0.219924838739595 -0.02581837517736 0.837267614781998
1.30553720797113 0.152996507401274 -0.229046813763389 0.152996507401274 0.984716336570777 -0.027367705755508 -0.229046813763389 -0.027367705755508 0.832467455513637
1.32006657074879 0.159638588798916 -0.238219273242414 0.159638588798916 0.98457547250381 -0.0289595388580731 -0.238219273242414 -0.0289595388580731 0.827782495076664
1.33483819275068 0.166353462060694 -0.247443854418912 0.166353462060694 0.984469505062605 -0.0305941538494838 -0.247443854418912 -0.0305941538494838 0.823212263027333
1.34985507711708 0.173142322663503 -0.256722206871064 0.173142322663503 0.984398795682792 -0.0322718379322401 -0.256722206871064 -0.0322718379322401 0.818756306491639
1.36512027409799 0.180006381165889 -0.266055992811651 0.180006381165889 0.984363711713371 -0.0339928862118972 -0.266055992811651 -0.0339928862118972 0.814414190133032
1.38063688166278 0.186946863440995 -0.275446887389468 0.186946863440995 0.984364626492331 -0.0357576017634931 -0.275446887389468 -0.0357576017634931 0.810185496122926
1.39640804611896 0.193965010912543 -0.28489657899358 0.193965010912543 0.984401919423421 -0.0375662956994397 -0.28489657899358 -0.0375662956994397 0.806069824114004
1.4124369627404 0.201062080793931 -0.294406769560444 0.201062080793931 0.984475976054096 -0.0394192872388843 -0.294406769560444 -0.0394192872388843 0.802066791216301
1.42872687640502 0.208239346330463 -0.30397917488398 0.208239346330463 0.984587188154635 -0.0413169037785616 -0.30397917488398 -0.0413169037785616 0.798176031976094
1.44528108224207 0.215498097044772 -0.313615524928632 0.215498097044772 0.98473595379847 -0.0432594809651492 -0.313615524928632 -0.0432594809651492 0.794397198357579
1.46210292628911 0.222839638985495 -0.323317564145485 0.222839638985495 0.984922677443728 -0.0452473627691441 -0.323317564145485 -0.0452473627691441 0.790729959727356
1.47919580615895 0.23026529497921 -0.333087051791496 0.23026529497921 0.985147770015993 -0.0472809015602698 -0.333087051791496 -0.0472809015602698 0.78717400284171
1.49656317171651 0.237776404885743 -0.342925762251895 0.237776404885743 0.985411648992333 -0.0493604581844411 -0.342925762251895 -0.0493604581844411 0.783729031836714
1.51420852576583 0.24537432585683 -0.352835485365822 0.24537432585683 0.985714738486583 -0.0514864020422891 -0.352835485365822 -0.0514864020422891 0.780394768221133
1.53213542474736 0.253060432598232 -0.362818026755252 0.253060432598232 0.986057469335905 -0.0536591111692743 -0.362818026755252 -0.0536591111692743 0.777170950872155
1.55034747944569 0.26083611763534 -0.372875208157281 0.26083611763534 0.986440279188661 -0.0558789723173997 -0.372875208157281 -0.0558789723173997 0.77405733603395
1.56884835570773 0.268702791582305 -0.383008867759824 0.268702791582305 0.986863612593588 -0.0581463810385395 -0.383008867759824 -0.0581463810385395 0.771053697319051
1.58764177517168 0.276661883414769 -0.3932208605408 0.276661883414769 0.987327921090309 -0.0604617417694052 -0.3932208605408 -0.0604617417694052 0.76815982571259
1.60673151600681 0.284714840746245 -0.403513058610849 0.284714840746245 0.987833663301206 -0.0628254679181631 -0.403513058610849 -0.0628254679181631 0.765375529579363
1.62612141366418 0.292863130108182 -0.413887351559669 0.292863130108182 0.988381305024657 -0.0652379819527238 -0.413887351559669 -0.0652379819527238 0.762700634673764
1.6458153616385 0.301108237233787 -0.424345646806021 0.301108237233787 0.988971319329653 -0.0676997154907193 -0.424345646806021 -0.0676997154907193 0.760134984152574
1.66581731224133 0.309451667345665 -0.434889869951468 0.309451667345665 0.989604186651838 -0.0702111093911894 -0.434889869951468 -0.0702111093911894 0.757678438590621
1.68613127738563 0.317894945447306 -0.44552196513793 0.317894945447306 0.990280394890962 -0.072772613847995 -0.44552196513793 -0.072772613847995 0.755330875999326
1.70676132938198 0.326439616618506 -0.456243895409101 0.326439616618506 0.991000439509788 -0.0753846884849763 -0.456243895409101 -0.0753846884849763 0.75309219184814
1.72771160174644 0.33508724631476 -0.467057643075819 0.33508724631476 0.991764823634464 -0.0780478024528799 -0.467057643075819 -0.0780478024528799 0.750962299088874
1.74898629002043 0.34383942067069 -0.47796521008543 0.34383942067069 0.992574058156369 -0.080762434528067 -0.47796521008543 -0.080762434528067 0.748941128182951
1.77058965260259 0.352697746807571 -0.488968618395251 0.352697746807571 0.99342866183548 -0.0835290732130332 -0.488968618395251 -0.0835290732130332 0.747028627131576
1.79252601159293 0.361663853145013 -0.500069910350166 0.361663853145013 0.994329161405254 -0.0863482168387516 -0.500069910350166 -0.0863482168387516 0.74522476150884
1.81479975364933 0.370739389716854 -0.511271149064455 0.370739389716854 0.995276091679061 -0.0892203736688651 -0.511271149064455 -0.0892203736688651 0.743529514497777
