0.985385747977632 -0.0319145525386852 -0.0290269398537575 -0.0319145525386852 1.06438462300738 -0.00360771597797844 -0.0290269398537575 -0.00360771597797844 0.9552451895186
0.982928233215649 -0.0379328281532629 -0.0341544051660801 -0.0379328281532629 1.07676234213362 -0.00417688678260688 -0.0341544051660801 -0.00417688678260688 0.947341283702789
0.980540432267352 -0.0440021555211828 -0.0392207420367578 -0.0440021555211828 1.08931690144539 -0.00471730240602876 -0.0392207420367578 -0.00471730240602876 0.939532604427979
0.978222106252317 -0.0501235652687072 -0.0442268111909989 -0.0501235652687072 1.10205059948353 -0.00522905474911451 -0.0442268111909989 -0.00522905474911451 0.931817992014991
0.975973027616461 -0.0562980978250757 -0.0491734640287112 -0.0562980978250757 1.11496576711731 -0.00571223096558113 -0.0491734640287112 -0.00571223096558113 0.924196301356249
0.973792980105231 -0.062526803606787 -0.0540615427581298 -0.062526803606787 1.12806476796765 -0.00616691347191599 -0.0540615427581298 -0.00616691347191599 0.916666401738227
0.971681758738671 -0.0688107432037411 -0.0588918805280317 -0.0688107432037411 1.14134999883639 -0.00659317995651454 -0.0588918805280317 -0.00659317995651454 0.909227176666139
0.969639169788354 -0.075150987567276 -0.0636653015585658 -0.075150987567276 1.15482389014142 -0.00699110338803539 -0.0636653015585658 -0.00699110338803539 0.901877523690834
0.967665030756176 -0.0815486182001283 -0.0683826212707106 -0.0815486182001283 1.16848890635796 -0.00736075202296926 -0.0683826212707106 -0.00736075202296926 0.894616354237884
0.965759170355015 -0.088004727348353 -0.0730446464143899 -0.088004727348353 1.18234754646597 -0.00770218941242909 -0.0730446464143899 -0.00770218941242909 0.887442593438819
0.963921428491252 -0.0945204181952369 -0.0776521751952553 -0.0945204181952369 1.19640234440382 -0.008015474408152 -0.0776521751952553 -0.008015474408152 0.880355179964498
0.962151656249151 -0.101096805057244 -0.082205997400167 -0.101096805057244 1.21065586952823 -0.00830066116772343 -0.082205997400167 -0.00830066116772343 0.873353065860591
0.960449715877098 -0.107735013582016 -0.0867068945213828 -0.107735013582016 1.22511072708066 -0.00855779915901645 -0.0867068945213828 -0.00855779915901645 0.866435216385131
0.958815480775705 -0.114436180948481 -0.0911556398794833 -0.114436180948481 1.23976955866014 -0.00878693316384985 -0.0911556398794833 -0.00878693316384985 0.859600609848129
0.957248835487765 -0.121201456069086 -0.0955529987450417 -0.121201456069086 1.25463504270272 -0.00898810328086184 -0.0955529987450417 -0.00898810328086184 0.852848237453215
0.955749675690071 -0.12803199979421 -0.0998997284590739 -0.12803199979421 1.26970989496752 -0.00916134492760387 -0.0998997284590739 -0.00916134492760387 0.846177103141281
0.954317908187093 -0.134928985118775 -0.104196578552268 -0.134928985118775 1.28499686902957 -0.00930668884184755 -0.104196578552268 -0.00930668884184755 0.839586223436118
0.952953450906519 -0.141893597391101 -0.10844429086303 -0.141893597391101 1.3004987567795 -0.00942416108211096 -0.10844429086303 -0.00942416108211096 0.833074627291993
0.951656232896652 -0.148927034524052 -0.112643599654352 -0.148927034524052 1.31621838893006 -0.00951378302739797 -0.112643599654352 -0.00951378302739797 0.826641355943172
0.950426194325677 -0.156030507208486 -0.116795231729525 -0.156030507208486 1.33215863552982 -0.00957557137615389 -0.116795231729525 -0.00957557137615389 0.820285462755352
0.949263286482785 -0.163205239129069 -0.120899906546723 -0.163205239129069 1.3483224064838 -0.00960953814443349 -0.120899906546723 -0.00960953814443349 0.814006013078974
0.948167471781167 -0.170452467182487 -0.124958336332456 -0.170452467182487 1.36471265208143 -0.00961569066328243 -0.124958336332456 -0.00961569066328243 0.807802084104405
0.947138723762885 -0.177773441698084 -0.128971226193936 -0.177773441698084 1.3813323635318 -0.0095940315753293 -0.128971226193936 -0.0095940315753293 0.801672764718964
0.946177027105598 -0.185169426660979 -0.132939274230351 -0.185169426660979 1.39818457350624 -0.00954455883058906 -0.132939274230351 -0.00954455883058906 0.795617155365763
0.945282377631182 -0.192641699937695 -0.136863171643078 -0.192641699937695 1.41527235668844 -0.00946726568147253 -0.136863171643078 -0.00946726568147253 0.789634367904351
0.944454782316214 -0.200191553504344 -0.14074360284485 -0.200191553504344 1.43259883033222 -0.00936214067700581 -0.14074360284485 -0.00936214067700581 0.783723525473132
0.943694259304342 -0.207820293677399 -0.144581245567884 -0.207820293677399 1.45016715482686 -0.0092291676562515 -0.144581245567884 -0.0092291676562515 0.777883762353534
0.943000837920545 -0.215529241347113 -0.148376770971009 -0.215529241347113 1.46798053427041 -0.00906832574093602 -0.148376770971009 -0.00906832574093602 0.772114223835923
0.942374558687276 -0.223319732213605 -0.15213084374579 -0.223319732213605 1.4860422170507 -0.00887958932727667 -0.15213084374579 -0.00887958932727667 0.766414066087221
0.941815473342509 -0.231193117025675 -0.15584412222167 -0.231193117025675 1.50435549643458 -0.00866292807700764 -0.15584412222167 -0.00866292807700764 0.760782456020219
0.941323644859673 -0.239150761822372 -0.159517258470155 -0.239150761822372 1.52292371116506 -0.00841830690760303 -0.159517258470155 -0.00841830690760303 0.755218571164566
0.940899147469502 -0.247194048177381 -0.163150898408053 -0.247194048177381 1.54175024606687 -0.00814568598169443 -0.163150898408053 -0.00814568598169443 0.749721599539406
0.94054206668379 -0.255324373446241 -0.166745681899776 -0.255324373446241 1.5608385326602 -0.00784502069567971 -0.166745681899776 -0.00784502069567971 0.744290739527652
0.940252499321061 -0.263543151016483 -0.170302242858738 -0.263543151016483 1.58019204978295 -0.00751626166752092 -0.170302242858738 -0.00751626166752092 0.738925199751869
0.940030553534167 -0.271851810560676 -0.173821209347847 -0.271851810560676 1.59981432422158 -0.00715935472372843 -0.173821209347847 -0.00715935472372843 0.733624198951758
0.939876348839814 -0.280251798292487 -0.177303203679121 -0.280251798292487 1.61970893135057 -0.00677424088552767 -0.177303203679121 -0.00677424088552767 0.728386965863207
0.93979001615001 -0.288744577225749 -0.180748842512437 -0.288744577225749 1.63987949578067 -0.00636085635420746 -0.180748842512437 -0.00636085635420746 0.723212739098907
0.939771697805486 -0.297331627436619 -0.184158736953429 -0.297331627436619 1.66032969201608 -0.00591913249564258 -0.184158736953429 -0.00591913249564258 0.718100767030497
0.93982154761103 -0.306014446328853 -0.18753349265055 -0.306014446328853 1.68106324512067 -0.00544899582399144 -0.18753349265055 -0.00544899582399144 0.71305030767224
0.939939730872813 -0.314794548902256 -0.190873709891323 -0.314794548902256 1.70208393139334 -0.00495036798456354 -0.190873709891323 -0.00495036798456354 0.708060628566189
0.94012642443766 -0.323673468024349 -0.194179983697774 -0.323673468024349 1.72339557905256 -0.00442316573585139 -0.194179983697774 -0.00442316573585139 0.703131006668845
0.940381816734309 -0.332652754705305 -0.197452903921091 -0.332652754705305 1.74500206893046 -0.0038673009307266 -0.197452903921091 -0.0038673009307266 0.69826072823928
0.940706107816644 -0.341733978376208 -0.200693055335505 -0.341733978376208 1.76690733517634 -0.0032826804967926 -0.200693055335505 -0.0032826804967926 0.69344908872871
0.941099509408931 -0.350918727170668 -0.203901017731407 -0.350918727170668 1.78911536596979 -0.00266920641589265 -0.203901017731407 -0.00266920641589265 0.688695392671493
0.941562244953045 -0.360208608209864 -0.207077366007726 -0.360208608209864 1.8116302042437 -0.00202677570276633 -0.207077366007726 -0.00202677570276633 0.683998953577555
0.942094549657727 -0.369605247891062 -0.210222670263582 -0.369605247891062 1.83445594841709 -0.00135528038285247 -0.210222670263582 -0.00135528038285247 0.6793590938262
0.942696670549848 -0.379110292179632 -0.213337495889221 -0.379110292179632 1.85759675313797 -0.000654607469233036 -0.213337495889221 -0.000654607469233036 0.674775144561319
0.943368866527713 -0.388725406904665 -0.216422403656245 -0.388725406904665 1.88105683003648 7.53610612886785e-05 -0.216422403656245 7.53610612886785e-05 0.670246445587949
0.944111408416414 -0.3984522780582 -0.219477949807169 -0.3984522780582 1.90484044848821 0.000834748292975925 -0.219477949807169 0.000834748292975925 0.665772345270191
0.944924579025228 -0.40829261209814 -0.222504686144297 -0.40829261209814 1.92895193638803 0.00162368239682371 -0.222504686144297 0.00162368239682371 0.661352200430461
