0.987961455424048 -0.0391964624445308 -0.0191674378292571 -0.0391964624445308 0.968216117370866 -0.0349222307592807 -0.0191674378292571 -0.0349222307592807 1.04878331200893
0.985977014037784 -0.0461308269868595 -0.0226130197825914 -0.0461308269868595 0.962794407288531 -0.0413143217565597 -0.0226130197825914 -0.0413143217565597 1.05816974707257
0.984060818068165 -0.0529858508554068 -0.026036767143244 -0.0529858508554068 0.957498286367078 -0.0477021634017528 -0.026036767143244 -0.0477021634017528 1.067691007828
0.98221204156897 -0.0597626650771148 -0.0294392450215167 -0.0597626650771148 0.952326371221553 -0.0540868104939168 -0.0294392450215167 -0.0540868104939168 1.07734815785985
0.980429870927182 -0.0664623840077581 -0.0328210131979991 -0.0664623840077581 0.947277302089544 -0.0604693140339349 -0.0328210131979991 -0.0604693140339349 1.08714227878087
0.978713504691555 -0.0730861055595482 -0.0361826262287079 -0.0730861055595482 0.942349742538772 -0.0668507214031634 -0.0361826262287079 -0.0668507214031634 1.09707447034473
0.97706215340363 -0.0796349114253954 -0.0395246335490576 -0.0796349114253954 0.937542379179306 -0.0732320765409335 -0.0395246335490576 -0.0732320765409335 1.10714585056132
0.975475039431188 -0.086109867299885 -0.0428475795766873 -0.086109867299885 0.932853921380337 -0.0796144201209386 -0.0428475795766873 -0.0796144201209386 1.11735755581464
0.973951396804091 -0.0925120230970011 -0.0461520038131602 -0.0925120230970011 0.928283100991456 -0.0859987897265364 -0.0461520038131602 -0.0859987897265364 1.12771074098311
0.97249047105249 -0.0988424131646509 -0.0494384409445609 -0.0988424131646509 0.92382867206838 -0.0923862200250045 -0.0494384409445609 -0.0923862200250045 1.13820657956251
0.971091519047357 -0.10510205649603 -0.0527074209409999 -0.10510205649603 0.919489410603065 -0.0987777429407694 -0.0527074209409999 -0.0987777429407694 1.14884626379138
0.969753808843315 -0.111291956937878 -0.0559594691550586 -0.111291956937878 0.915264114258143 -0.10517438782765 -0.0559594691550586 -0.10517438782765 1.15963100477903
0.968476619523731 -0.117413103395658 -0.0591951064191799 -0.117413103395658 0.911151602105643 -0.111577181640138 -0.0591951064191799 -0.111577181640138 1.17056203263614
0.967259241048031 -0.123466470035709 -0.0624148491420327 -0.123466470035709 0.907150714369928 -0.117987149103753 -0.0624148491420327 -0.117987149103753 1.18164059660788
0.966100974101234 -0.129453016484412 -0.0656192094038642 -0.129453016484412 0.903260312174791 -0.124405312884495 -0.0656192094038642 -0.124405312884495 1.19286796520967
0.965001129945634 -0.135373688024408 -0.0688086950508609 -0.135373688024408 0.899479277294677 -0.130832693757424 -0.0688086950508609 -0.130832693757424 1.20424542636552
0.963959030274633 -0.141229415787914 -0.0719838097885326 -0.141229415787914 0.895806511909945 -0.13727031077441 -0.0719838097885326 -0.13727031077441 1.21577428754905
0.962974007068681 -0.147021116947167 -0.0751450532741434 -0.147021116947167 0.892240938366161 -0.143719181431058 -0.0751450532741434 -0.143719181431058 1.22745587592703
0.962045402453286 -0.152749694902052 -0.0782929212081995 -0.152749694902052 0.888781498937324 -0.15018032183286 -0.0782929212081995 -0.15018032183286 1.2392915385057
0.96117256855909 -0.158416039464928 -0.0814279054250202 -0.158416039464928 0.885427155593017 -0.156654746860592 -0.0814279054250202 -0.156654746860592 1.25128264227969
0.960354867383949 -0.164021027042717 -0.0845504939824011 -0.164021027042717 0.882176889769402 -0.163143470334986 -0.0845504939824011 -0.163143470334986 1.2634305743836
0.959591670657017 -0.169565520816276 -0.0876611712503916 -0.169565520816276 0.879029702144036 -0.169647505180699 -0.0876611712503916 -0.169647505180699 1.27573674224631
0.958882359704785 -0.175050370917093 -0.0907604179992027 -0.175050370917093 0.875984612414434 -0.176167863589628 -0.0907604179992027 -0.176167863589628 1.288202573748
0.958226325319073 -0.180476414601344 -0.0938487114862601 -0.180476414601344 0.873040659080357 -0.182705557183568 -0.0938487114862601 -0.182705557183568 1.30082951737986
0.957622967626908 -0.185844476421356 -0.0969265255424218 -0.185844476421356 0.870196899229758 -0.18926159717627 -0.0969265255424218 -0.18926159717627 1.31361904240659
0.957071695962311 -0.191155368394487 -0.0999943306573733 -0.191155368394487 0.86745240832836 -0.195836994534908 -0.0999943306573733 -0.195836994534908 1.32657263903165
0.956571928739921 -0.196409890169492 -0.103052594064219 -0.196409890169492 0.864806280012799 -0.202432760140991 -0.103052594064219 -0.202432760140991 1.33969181856525
0.956123093330462 -0.201608829190379 -0.106101779823286 -0.201608829190379 0.862257625887308 -0.209049904950739 -0.106101779823286 -0.209049904950739 1.35297811359515
0.955724625938007 -0.206752960857805 -0.109142348905152 -0.206752960857805 0.859805575323882 -0.215689440154967 -0.109142348905152 -0.215689440154967 1.3664330781603
0.955375971479029 -0.211843048688041 -0.112174759272922 -0.211843048688041 0.8574492752659 -0.222352377338479 -0.112174759272922 -0.222352377338479 1.38005828792732
0.955076583463202 -0.216879844469544 -0.115199465963754 -0.216879844469544 0.85518789003514 -0.229039728639022 -0.115199465963754 -0.229039728639022 1.39385534036974
0.954825923875936 -0.221864088417157 -0.118216921169669 -0.221864088417157 0.853020601142158 -0.235752506905816 -0.118216921169669 -0.235752506905816 1.40782585495021
0.954623463062614 -0.22679650932398 -0.121227574317637 -0.22679650932398 0.850946607100002 -0.242491725857678 -0.121227574317637 -0.242491725857678 1.42197147330556
0.954468679614522 -0.231677824710939 -0.124231872148983 -0.231677824710939 0.848965123241182 -0.249258400240789 -0.124231872148983 -0.249258400240789 1.43629385943475
0.95436106025642 -0.236508740974086 -0.127230258798092 -0.236508740974086 0.847075381537909 -0.256053545986108 -0.127230258798092 -0.256053545986108 1.45079469988977
0.95430009973577 -0.241289953529657 -0.130223175870463 -0.241289953529657 0.845276630425521 -0.262878180366471 -0.130223175870463 -0.262878180366471 1.4654757039695
0.954285300713561 -0.246022146956919 -0.133211062520102 -0.246022146956919 0.843568134629068 -0.269733322153392 -0.133211062520102 -0.269733322153392 1.48033860391651
0.954316173656732 -0.250705995138839 -0.13619435552628 -0.250705995138839 0.841949174993049 -0.276619991773607 -0.13619435552628 -0.276619991773607 1.49538515511686
0.954392236732163 -0.255342161400604 -0.139173489369662 -0.255342161400604 0.840419048314215 -0.283539211465369 -0.139173489369662 -0.283539211465369 1.51061713630294
0.954513015702213 -0.259931298646014 -0.142148896307835 -0.259931298646014 0.838977067177434 -0.290492005434529 -0.142148896307835 -0.290492005434529 1.52603634975932
0.954678043821778 -0.264474049491783 -0.145121006450232 -0.264474049491783 0.837622559794577 -0.297479400010429 -0.145121006450232 -0.297479400010429 1.54164462153167
0.954886861736864 -0.26897104639978 -0.148090247832474 -0.26897104639978 0.836354869846386 -0.304502423801628 -0.148090247832474 -0.304502423801628 1.55744380163875
0.955139017384628 -0.273422911807219 -0.15105704649015 -0.273422911807219 0.835173356327285 -0.311562107851487 -0.15105704649015 -0.311562107851487 1.57343576428751
0.955434065894899 -0.277830258254852 -0.154021826532031 -0.277830258254852 0.834077393393112 -0.318659485793644 -0.154021826532031 -0.318659485793644 1.58962240809134
0.955771569493122 -0.282193688513166 -0.156985010212753 -0.282193688513166 0.833066370211725 -0.32579559400739 -0.156985010212753 -0.32579559400739 1.60600565629145
0.956151097404742 -0.286513795706632 -0.159947018004966 -0.286513795706632 0.832139690816466 -0.332971471772993 -0.159947018004966 -0.332971471772993 1.62258745698145
0.956572225760979 -0.290791163436009 -0.162908268670965 -0.290791163436009 0.831296773962427 -0.340188161426968 -0.162908268670965 -0.340188161426968 1.6393697833351
0.957034537505988 -0.295026365898754 -0.16586917933382 -0.295026365898754 0.830537052985508 -0.347446708517337 -0.16586917933382 -0.347446708517337 1.65635463383731
0.957537622305388 -0.299219968007546 -0.168830165548023 -0.299219968007546 0.829859975664232 -0.354748161958907 -0.168830165548023 -0.354748161958907 1.67354403251842
0.958081076456129 -0.303372525506947 -0.171791641369645 -0.303372525506947 0.829265004084267 -0.362093574188563 -0.171791641369645 -0.362093574188563 1.69094002919173
