1.02799462764074 -0.0179936367826091 0.00198966174970533 -0.0179936367826091 0.977457564238024 0.0622262416345045 0.00198966174970533 0.0622262416345045 0.999493751318867
1.03325650328324 -0.0212932011109479 0.00223913955703969 -0.0212932011109479 0.973834661197629 0.0734868880602639 0.00223913955703969 0.0734868880602639 0.999825220275585
1.03855603846431 -0.0245924470191051 0.00245274464811038 -0.0245924470191051 0.97036909363841 0.0846998324641959 0.00245274464811038 0.0846998324641959 1.00028676904592
1.04389340669115 -0.0278919150749959 0.00263051142276507 -0.0278919150749959 0.967059600925037 0.0958669112630544 0.00263051142276507 0.0958669112630544 1.0008777799878
1.04926878415399 -0.0311921435894415 0.00277246809947904 -0.0311921435894415 0.963904951105095 0.106989945354699 0.00277246809947904 0.106989945354699 1.0015976569311
1.05468234972937 -0.0344936687066348 0.00287863674502722 -0.0344936687066348 0.960903940593167 0.118070740456521 0.00287863674502722 0.118070740456521 1.00244582498727
1.06013428498389 -0.0377970244938582 0.0029490333031057 -0.0377970244938582 0.958055393860532 0.129111087440028 0.0029490333031057 0.129111087440028 1.00342173036288
1.06562477417814 -0.0411027430304889 0.00298366762190216 -0.0411027430304889 0.955358163130445 0.140112762661697 0.00298366762190216 0.140112762661697 1.00452484017725
1.07115400427109 -0.0444113544962881 0.00298254348063345 -0.0444113544962881 0.952811128078882 0.151077528290114 0.00298254348063345 0.151077528290114 1.00575464228384
1.07672216492473 -0.0477233872590087 0.00294565861505197 -0.0477233872590087 0.950413195540725 0.162007132629511 0.00294565861505197 0.162007132629511 1.00711064509564
1.08232944850905 -0.0510393679613249 0.00287300474193353 -0.0510393679613249 0.948163299221291 0.17290331043973 0.00287300474193353 0.17290331043973 1.00859237741427
1.08797605010735 -0.0543598216071036 0.00276456758255259 -0.0543598216071036 0.946060399413138 0.1837677832527 0.00276456758255259 0.1837677832527 1.01019938826289
1.09366216752187 -0.0576852716470369 0.00262032688515482 -0.0576852716470369 0.944103482718096 0.194602259685469 0.00262032688515482 0.194602259685469 1.01193124672288
1.09938800127975 -0.0610162400636451 0.00244025644643414 -0.0610162400636451 0.94229156177445 0.205408435749883 0.00244025644643414 0.205408435749883 1.01378754177413
1.10515375463928 -0.0643532474556687 0.00222432413202128 -0.0643532474556687 0.940623674989202 0.216187995158936 0.00222432413202128 0.216187995158936 1.01576788213908
1.11095963359654 -0.0676968131218685 0.00197249189599139 -0.0676968131218685 0.93909888627537 0.226942609629883 0.00197249189599139 0.226942609629883 1.01787189613024
1.11680584689227 -0.0710474551442357 0.00168471579940355 -0.0710474551442357 0.937716284794238 0.237673939184153 0.00168471579940355 0.237673939184153 1.02009923150144
1.12269260601913 -0.0744056904706487 0.00136094602786632 -0.0744056904706487 0.936474984702513 0.248383632444145 0.00136094602786632 0.248383632444145 1.02244955530246
1.12862012522922 -0.077772034996967 0.00100112690815435 -0.077772034996967 0.935374124904323 0.25907332692693 0.00100112690815435 0.25907332692693 1.02492255373723
1.134588621542 -0.0811470036485957 0.000605196923865181 -0.0811470036485957 0.934412868807995 0.269744649334959 0.000605196923865181 0.269744649334959 1.02751793202551
1.1405983147524 -0.0845311104615238 0.000173088730137383 -0.0845311104615238 0.933590404087557 0.280399215843794 0.000173088730137383 0.280399215843794 1.03023541426791
1.14664942743941 -0.0879248686628585 -0.000295270832573913 -0.0879248686628585 0.93290594244891 0.291038632386947 -0.000295270832573913 0.291038632386947 1.03307474331435
1.15274218497482 -0.0913287907508619 -0.000799960725651389 -0.0913287907508619 0.932358719400599 0.301664494937863 -0.000799960725651389 0.301664494937863 1.03603568063588
1.1588768155324 -0.0947433885745119 -0.00134106570039652 -0.0947433885745119 0.931947994029161 0.312278389789119 -0.00134106570039652 0.312278389789119 1.03911800619974
1.1650535500973 -0.0981691734125924 -0.00191867628702824 -0.0981691734125924 0.931673048778949 0.322881893828872 -0.00191867628702824 0.322881893828872 1.04232151834779
1.1712726224759 -0.101606656052338 -0.00253288878459995 -0.101606656052338 0.931533189236416 0.333476574814629 -0.00253288878459995 0.333476574814629 1.04564603367813
1.17753426930576 -0.105056346867634 -0.0031838052518193 -0.105056346867634 0.931527743918798 0.344063991644382 -0.0031838052518193 0.344063991644382 1.04909138692993
1.18383873006614 -0.108518755896797 -0.00387153349877431 -0.108518755896797 0.931656064067128 0.354645694625157 -0.00387153349877431 0.354645694625157 1.05265743087149
1.19018624708859 -0.11199439291994 -0.00459618707955539 -0.11199439291994 0.931917523443548 0.365223225739039 -0.00459618707955539 0.365223225739039 1.05634403619139
1.19657706556807 -0.115483767535941 -0.00535788528576872 -0.115483767535941 0.932311518132869 0.375798118906715 -0.00535788528576872 0.375798118906715 1.0601510913928
1.20301143357418 -0.118987389239027 -0.00615675314093761 -0.118987389239027 0.932837466348311 0.38637190024858 -0.00615675314093761 0.38637190024858 1.06407850269086
1.2094896020629 -0.122505767494986 -0.00699292139578592 -0.122505767494986 0.933494808241403 0.396946088343481 -0.00699292139578592 0.396946088343481 1.06812619391314
1.21601182488847 -0.126039411817017 -0.00786652652439615 -0.126039411817017 0.934283005715968 0.407522194485107 -0.00786652652439615 0.407522194485107 1.0722941064031
1.22257835881571 -0.12958883184124 -0.00877771072124359 -0.12958883184124 0.935201542246164 0.418101722936121 -0.00877771072124359 0.418101722936121 1.07658219892656
1.22918946353259 -0.133154537401865 -0.0097266218990964 -0.133154537401865 0.936249922698534 0.428686171180035 -0.0097266218990964 0.428686171180035 1.08099044758117
1.23584540166311 -0.136737038606044 -0.0107134136877774 -0.136737038606044 0.937427673158012 0.439277030170915 -0.0107134136877774 0.439277030170915 1.08551884570879
1.24254643878055 -0.140336845908412 -0.0117382454337927 -0.140336845908412 0.938734340757842 0.449875784580932 -0.0117382454337927 0.449875784580932 1.09016740381082
1.24929284342095 -0.14395447018534 -0.0128012822008061 -0.14395447018534 0.940169493513375 0.460483913045832 -0.0128012822008061 0.460483913045832 1.0949361494664
1.25608488709698 -0.14759042280889 -0.0139026947709722 -0.14759042280889 0.941732720159699 0.471102888408344 -0.0139026947709722 0.471102888408344 1.09982512725348
1.26292284431209 -0.151245215720506 -0.0150426596471138 -0.151245215720506 0.943423629993046 0.481734177959594 -0.0150426596471138 0.481734177959594 1.10483439867275
1.26980699257499 -0.154919361504452 -0.0162213590557445 -0.154919361504452 0.945241852715962 0.492379243678556 -0.0162213590557445 0.492379243678556 1.10996404207438
1.27673761241437 -0.158613373460985 -0.017438980950934 -0.158613373460985 0.947187038286164 0.503039542469591 -0.017438980950934 0.503039542469591 1.11521415258752
1.2837149873941 -0.162327765679311 -0.0186957190190072 -0.162327765679311 0.949258856769084 0.513716526398111 -0.0186957190190072 0.513716526398111 1.12058484205265
1.29073940412855 -0.166063053110302 -0.0199917726840808 -0.166063053110302 0.951456998194028 0.524411642924417 -0.0199917726840808 0.524411642924417 1.12607623895658
1.29781115229839 -0.169819751639005 -0.0213273471144257 -0.169819751639005 0.95378117241393 0.535126335135756 -0.0213273471144257 0.535126335135756 1.13168848837024
1.30493052466659 -0.17359837815696 -0.0227026532296677 -0.17359837815696 0.956231108968661 0.545862041976629 -0.0227026532296677 0.545862041976629 1.13742175188916
1.31209781709481 -0.17739945063431 -0.0241179077088025 -0.17739945063431 0.958806556951844 0.556620198477401 -0.0241179077088025 0.556620198477401 1.14327620757662
1.31931332856008 -0.181223488191751 -0.0255733329990405 -0.181223488191751 0.961507284881163 0.567402235981251 -0.0255733329990405 0.567402235981251 1.14925204990945
1.3265773611718 -0.185071011172299 -0.02706915732547 -0.185071011172299 0.964333080572102 0.578209582369505 -0.02706915732547 0.578209582369505 1.15534948972649
1.33389022018906 -0.188942541212922 -0.0286056147015368 -0.188942541212922 0.967283751015108 0.589043662285388 -0.0286056147015368 0.589043662285388 1.16156875417969
