1.00928386522479 0.00392720407400961 -0.0414604942157406 0.00392720407400961 1.04313778668404 0.031798690545057 -0.0414604942157406 0.031798690545057 0.952524343635569
1.01118879947866 0.00452711385679977 -0.0488841362609636 0.00452711385679977 1.05137178864186 0.0376020062668552 -0.0488841362609636 0.0376020062668552 0.944355883463516
1.01315475069869 0.00508960615483395 -0.0562514025702992 0.00508960615483395 1.05970383704051 0.043396144006263 -0.0562514025702992 0.043396144006263 0.936353447279107
1.01518134723889 0.00561477250959203 -0.0635634993450166 0.00561477250959203 1.06813460394942 0.049182052991383 -0.0635634993450166 0.049182052991383 0.928515031847184
1.01726822629603 0.00610269778847922 -0.0708216183805896 0.00610269778847922 1.0766647722666 0.0549606770393092 -0.0708216183805896 0.0549606770393092 0.920838667103138
1.01941503380642 0.00655346022504449 -0.0780269373056517 0.00655346022504449 1.08529503576498 0.0607329547207235 -0.0780269373056517 0.0607329547207235 0.913322415707321
1.02162142434442 0.00696713145802577 -0.0851806198177353 0.00696713145802577 1.09402609914013 0.0664998195229497 -0.0851806198177353 0.0664998195229497 0.905964372606324
1.02388706102266 0.00734377656923138 -0.0922838159158471 0.00734377656923138 1.10285867805935 0.0722622000115019 -0.0922838159158471 0.0722622000115019 0.898762664601049
1.02621161539392 0.00768345412026689 -0.0993376621299333 0.00768345412026689 1.11179349921209 0.0780210199901556 -0.0993376621299333 0.0780210199901556 0.891715449921453
1.0285947673547 0.00798621618811768 -0.106343281747273 0.00798621618811768 1.12083130036178 0.0837771986595715 -0.106343281747273 0.0837771986595715 0.884820917807897
1.03103620505037 0.00825210839960255 -0.113301785035854 0.00825210839960255 1.12997283039893 0.0895316507745021 -0.113301785035854 0.0895316507745021 0.878077288098984
1.03353562478198 0.00848116996470247 -0.120214269464783 0.00848116996470247 1.13921884939567 0.0952852867996123 -0.120214269464783 0.0952852867996123 0.871482810825816
1.03609273091463 0.00867343370877804 -0.127081819921759 0.00867343370877804 1.14857012866164 0.101039013063942 -0.127081819921759 0.101039013063942 0.865035765812557
1.03870723578743 0.00882892610368757 -0.133905508927674 0.00882892610368757 1.15802745080118 0.106793731914039 -0.133905508927674 0.106793731914039 0.858734462283246
1.04137885962497 0.00894766729780858 -0.140686396848378 0.00894766729780858 1.16759160977199 0.112550341865795 -0.140686396848378 0.112550341865795 0.852577238474735
1.04410733045038 0.00902967114497852 -0.147425532103644 0.00902967114497852 1.17726341094507 0.118309737755001 -0.147425532103644 0.118309737755001 0.846562461255696
1.04689238399983 0.00907494523236343 -0.154123951373404 0.00907494523236343 1.18704367116606 0.124072810886676 -0.154123951373404 0.124072810886676 0.840688525751603
1.04973376363855 0.00908349090725932 -0.160782679801254 0.00908349090725932 1.19693321881796 0.129840449183156 -0.160782679801254 0.129840449183156 0.834953854975599
1.05263122027833 0.00905530330284041 -0.167402731195323 0.00905530330284041 1.20693289388522 0.135613537331019 -0.167402731195323 0.135613537331019 0.82935689946518
1.05558451229644 0.00899037136285757 -0.173985108226504 0.00899037136285757 1.2170435480192 0.141392956926828 -0.173985108226504 0.141392956926828 0.823896136924602
1.05859340545602 0.00888867786530176 -0.18053080262411 0.00888867786530176 1.22726604460501 0.147179586621751 -0.18053080262411 0.147179586621751 0.818570071872938
1.0616576728278 0.00875019944503183 -0.187040795368998 0.00875019944503183 1.23760125882975 0.15297430226507 -0.187040795368998 0.15297430226507 0.813377235297713
1.06477709471333 0.0085749066153894 -0.193516056884185 0.0085749066153894 1.24805007775211 0.158777977046606 -0.193516056884185 0.158777977046606 0.808316184314025
1.06795145856949 0.008362763788787 -0.199957547223014 0.008362763788787 1.25861340037338 0.16459148163809 -0.199957547223014 0.16459148163809 0.803385501829094
1.07118055893439 0.00811372929630078 -0.20636621625489 0.00811372929630078 1.26929213770988 0.1704156843335 -0.20636621625489 0.1704156843335 0.798583796212144
1.07446419735461 0.00782775540626049 -0.212743003848646 0.00782775540626049 1.28008721286671 0.176251451188397 -0.212743003848646 0.176251451188397 0.793909700969566
1.07780218231377 0.00750478834184379 -0.219088840053558 0.00750478834184379 1.29099956111295 0.18209964615828 -0.219088840053558 0.18209964615828 0.789361874425275
1.0811943291624 0.00714476829769201 -0.225404645278056 0.00714476829769201 1.30203012995834 0.187961131235984 -0.225404645278056 0.187961131235984 0.784938999406192
1.08464046004909 0.00674762945554622 -0.231691330466165 0.00674762945554622 1.31317987923119 0.193836766588145 -0.231691330466165 0.193836766588145 0.780639782932791
1.08814040385291 0.00631329999890989 -0.237949797271717 0.00631329999890989 1.32444978115789 0.199727410690766 -0.237949797271717 0.199727410690766 0.776462955914621
1.09169399611711 0.00584170212675511 -0.244180938230361 0.00584170212675511 1.33584082044373 0.205633920463896 -0.244180938230361 0.205633920463896 0.772407272850759
1.09530107898404 0.00533275206625938 -0.250385636929414 0.00533275206625938 1.34735399435518 0.211557151405448 -0.250385636929414 0.211557151405448 0.768471511535111
1.0989615011313 0.00478636008460692 -0.256564768175588 0.00478636008460692 1.3589903128036 0.217497957724189 -0.256564768175588 0.217497957724189 0.764654472766502
1.10267511770913 0.0042024304998278 -0.262719198160622 0.0042024304998278 1.37075079843039 0.223457192471913 -0.262719198160622 0.223457192471913 0.760954980063483
1.1064417902789 0.00358086169071115 -0.268849784624853 0.00358086169071115 1.38263648669355 0.229435707674828 -0.268849784624853 0.229435707674828 0.757371879383798
1.11026138675292 0.00292154610577985 -0.274957377018772 0.00292154610577985 1.39464842595574 0.235434354464177 -0.274957377018772 0.235434354464177 0.753904038848454
1.1141337813353 0.00222437027133496 -0.281042816662578 0.00222437027133496 1.40678767757374 0.241453983206119 -0.281042816662578 0.241453983206119 0.750550348470305
1.11805885446399 0.0014892147985866 -0.28710693690378 0.0014892147985866 1.41905531598943 0.247495443630882 -0.28710693690378 0.247495443630882 0.74730971988713
1.12203649275401 0.00071595438985636 -0.29315056327287 0.00071595438985636 1.43145242882213 0.253559584961231 -0.29315056327287 0.253559584961231 0.744181086099101
1.12606658894175 -9.55421561219527e-05 -0.299174513637101 -9.55421561219527e-05 1.44398011696255 0.259647256040246 -0.299174513637101 0.259647256040246 0.741163401210621
1.13014904183036 -0.000945411939814095 -0.305179598352402 -0.000945411939814095 1.45663949466811 0.265759305458456 -0.305179598352402 0.265759305458456 0.738255640176446
1.13428375623629 -0.00183379795739802 -0.31116662041346 -0.00183379795739802 1.4694316896598 0.27189658168034 -0.31116662041346 0.27189658168034 0.735456798552046
1.13847064293691 -0.00276084909817031 -0.317136375601999 -0.00276084909817031 1.4823578432205 0.278059933170209 -0.317136375601999 0.278059933170209 0.732765892248144
1.14270961861913 -0.00372672014285022 -0.32308965263329 -0.00372672014285022 1.49541911029482 0.284250208517509 -0.32308965263329 0.284250208517509 0.730181957289386
1.14700060582917 -0.00473157176276942 -0.329027233300914 -0.00473157176276942 1.50861665959045 0.290468256561546 -0.329027233300914 0.290468256561546 0.72770404957707
1.15134353292331 -0.00577557051994596 -0.334949892619817 -0.00577557051994596 1.52195167368101 0.296714926515675 -0.334949892619817 0.296714926515675 0.725331244655902
1.15573833401969 -0.00685888886803812 -0.340858398967674 -0.00685888886803812 1.53542534911043 0.302991068090948 -0.340858398967674 0.302991068090948 0.723062637484707
1.16018494895114 -0.00798170515417387 -0.346753514224602 -0.00798170515417387 1.54903889649884 0.309297531619268 -0.346753514224602 0.309297531619268 0.720897342211053
1.16468332321901 -0.00914420362165436 -0.35263599391125 -0.00914420362165436 1.56279354065006 0.315635168176049 -0.35263599391125 0.315635168176049 0.718834491949733
1.16923340794797 -0.0103465744135254 -0.358506587325275 -0.0103465744135254 1.57669052066053 0.322004829702417 -0.358506587325275 0.322004829702417 0.716873238565057
