0.957778616285443 -0.031592833655446 -0.0272141378746193 -0.031592833655446 1.04351852210986 0.0395974576138045 -0.0272141378746193 0.0395974576138045 1.00375065814367
0.950409830484751 -0.0375123455414674 -0.0322307180041157 -0.0375123455414674 1.05198691716881 0.0471612022805169 -0.0322307180041157 0.0471612022805169 1.00468858140255
0.943159100667473 -0.0434705890664744 -0.0372550353867928 -0.0434705890664744 1.06060772197516 0.0548183502324745 -0.0372550353867928 0.0548183502324745 1.00570555508464
0.936025739912033 -0.0494685922089998 -0.0422879572092499 -0.0494685922089998 1.06938298886606 0.0625702219679544 -0.0422879572092499 0.0625702219679544 1.00680231995983
0.92900907702219 -0.055507393039612 -0.0473303549571168 -0.055507393039612 1.07831480115917 0.0704181583263641 -0.0473303549571168 0.0704181583263641 1.00797963085585
0.922108456480091 -0.061588039918832 -0.0523831045671761 -0.061588039918832 1.08740527359217 0.0783635207684334 -0.0523831045671761 0.0783635207684334 1.00923825683097
0.915323238401603 -0.0677115916973668 -0.057447086580733 -0.0677115916973668 1.09665655276869 0.0864076916606543 -0.057447086580733 0.0864076916606543 1.0105789813496
0.908652798493895 -0.0738791179187209 -0.062523186298257 -0.0738791179187209 1.10607081761089 0.094552074564026 -0.062523186298257 0.094552074564026 1.01200260246065
0.902096528015317 -0.0800916990242042 -0.0676122939353286 -0.0800916990242042 1.11565027981865 0.102798094527158 -0.0676122939353286 0.102798094527158 1.01350993297893
0.895653833737532 -0.0863504265603924 -0.0727153047799167 -0.0863504265603924 1.1253971843356 0.111147198383804 -0.0727153047799167 0.111147198383804 1.01510180066938
0.889324137909936 -0.0926564033890742 -0.0778331193510168 -0.0926564033890742 1.13531380982198 0.119600855054881 -0.0778331193510168 0.119600855054881 1.01677904843438
0.883106878226358 -0.0990107438997299 -0.0829666435586812 -0.0990107438997299 1.14540246913444 0.128160555855039 -0.0829666435586812 0.128160555855039 1.01854253450399
0.877001507794029 -0.105414574224576 -0.0881167888654686 -0.105414574224576 1.15566550981301 0.136827814803853 -0.0881167888654686 0.136827814803853 1.02039313262935
0.871007495104859 -0.111869032456237 -0.0932844724493463 -0.111869032456237 1.16610531457508 0.145604168941683 -0.0932844724493463 0.145604168941683 1.02233173227915
0.865124324008982 -0.118375268868061 -0.0984706173680735 -0.118375268868061 1.17672430181682 0.154491178650293 -0.0984706173680735 0.154491178650293 1.02435923883922
0.859351493690607 -0.124934446137153 -0.103676152725097 -0.124934446137153 1.18752492612189 0.163490427978281 -0.103676152725097 0.163490427978281 1.02647657381537
0.85368851864617 -0.131547739570142 -0.108902013836992 -0.131547739570142 1.19850967877762 0.172603524971387 -0.108902013836992 0.172603524971387 1.02868467503943
0.848134928664775 -0.138216337331749 -0.11414914240248 -0.138216337331749 1.20968108829882 0.181832102007756 -0.11414914240248 0.181832102007756 1.03098449687858
0.842690268810965 -0.144941440676191 -0.119418486673051 -0.144941440676191 1.2210417209593 0.191177816138227 -0.119418486673051 0.191177816138227 1.03337701044799
0.837354099409787 -0.151724264181469 -0.124711001625228 -0.151724264181469 1.23259418133115 0.200642349431708 -0.124711001625228 0.200642349431708 1.03586320382686
0.832125996034191 -0.158566035986585 -0.130027649134509 -0.158566035986585 1.244341112832 0.210227409325721 -0.130027649134509 0.210227409325721 1.03844408227786
0.827005549494757 -0.165467998031742 -0.135369398151007 -0.165467998031742 1.25628519828028 0.219934728982182 -0.135369398151007 0.219934728982182 1.04112066847004
0.821992365831742 -0.172431406301573 -0.140737224876838 -0.172431406301573 1.26842916045866 0.229766067648501 -0.140737224876838 0.229766067648501 1.04389400270521
0.817086066309491 -0.179457531071439 -0.146132112945279 -0.179457531071439 1.28077576268573 0.239723211024065 -0.146132112945279 0.239723211024065 1.04676514314796
0.812286287413173 -0.186547657156859 -0.151555053601733 -0.186547657156859 1.29332780939613 0.24980797163219 -0.151555053601733 0.24980797163219 1.04973516605921
0.807592680847894 -0.193703084166117 -0.157007045886542 -0.193703084166117 1.3060881467291 0.260022189197613 -0.157007045886542 0.260022189197613 1.05280516603345
0.803004913540164 -0.200925126756086 -0.162489096819675 -0.200925126756086 1.31905966312577 0.270367731029611 -0.162489096819675 0.270367731029611 1.05597625623969
0.798522667641748 -0.208215114891348 -0.168002221587331 -0.208215114891348 1.33224528993512 0.280846492410819 -0.168002221587331 0.280846492410819 1.05924956866615
0.794145640535887 -0.215574394106627 -0.173547443730491 -0.215574394106627 1.34564800202887 0.291460396991835 -0.173547443730491 0.291460396991835 1.06262625436879
0.789873544845928 -0.223004325772616 -0.179125795335456 -0.223004325772616 1.35927081842541 0.302211397191689 -0.179125795335456 0.302211397191689 1.06610748372368
0.785706108446348 -0.230506287365243 -0.184738317226414 -0.230506287365243 1.37311680292278 0.313101474604261 -0.184738317226414 0.313101474604261 1.06969444668327
0.781643074476195 -0.238081672738419 -0.190386059160061 -0.238081672738419 1.38718906474104 0.324132640410741 -0.190386059160061 0.324132640410741 1.07338835303669
0.777684201354957 -0.245731892400348 -0.196070080022322 -0.245731892400348 1.40149075917399 0.335306935798201 -0.196070080022322 0.335306935798201 1.077190432674
0.773829262800859 -0.253458373793428 -0.201791448027215 -0.253458373793428 1.41602508825039 0.346626432384384 -0.201791448027215 0.346626432384384 1.08110193585459
0.770078047851618 -0.261262561577813 -0.207551240917881 -0.261262561577813 1.43079530140498 0.358093232648781 -0.207551240917881 0.358093232648781 1.08512413347965
0.766430360887653 -0.269145917918705 -0.213350546169835 -0.269145917918705 1.44580469615923 0.369709470370111 -0.213350546169835 0.369709470370111 1.08925831736892
0.76288602165777 -0.277109922777403 -0.219190461196477 -0.277109922777403 1.46105661881207 0.381477311070261 -0.219190461196477 0.381477311070261 1.0935058005416
0.759444865307327 -0.285156074206205 -0.225072093556881 -0.285156074206205 1.47655446514078 0.393398952464817 -0.225072093556881 0.393398952464817 1.09786791750166
0.756106742408907 -0.29328588864719 -0.230996561165942 -0.29328588864719 1.49230168111204 0.405476624920242 -0.230996561165942 0.405476624920242 1.10234602452745
0.752871518995504 -0.301500901234967 -0.236964992506879 -0.301500901234967 1.50830176360351 0.417712591917833 -0.236964992506879 0.417712591917833 1.10694149996581
0.749739076596224 -0.309802666103431 -0.242978526846173 -0.309802666103431 1.52455826113584 0.430109150524523 -0.242978526846173 0.430109150524523 1.11165574453061
0.746709312274548 -0.318192756696612 -0.249038314450955 -0.318192756696612 1.54107477461546 0.442668631870647 -0.249038314450955 0.442668631870647 1.11649018160593
0.743782138669133 -0.326672766083649 -0.255145516808904 -0.326672766083649 1.55785495808821 0.455393401634763 -0.255145516808904 0.455393401634763 1.12144625755378
0.740957484037201 -0.335244307277984 -0.261301306850691 -0.335244307277984 1.574902519504 0.468285860535625 -0.261301306850691 0.468285860535625 1.12652544202656
0.738235292300513 -0.343909013560831 -0.267506869175011 -0.343909013560831 1.59222122149261 0.481348444831428 -0.267506869175011 0.481348444831428 1.13172922828428
0.735615523093944 -0.352668538808965 -0.273763400276257 -0.352668538808965 1.60981488215088 0.494583626826401 -0.273763400276257 0.494583626826401 1.13705913351656
0.733098151816691 -0.361524557826937 -0.280072108774868 -0.361524557826937 1.62768737584136 0.50799391538489 -0.280072108774868 0.50799391538489 1.14251669916954
0.73068316968611 -0.370478766683749 -0.286434215650407 -0.370478766683749 1.64584263400267 0.521581856452999 -0.286434215650407 0.521581856452999 1.14810349127778
0.728370583794223 -0.379532883054067 -0.292850954477414 -0.379532883054067 1.66428464597163 0.535350033587928 -0.292850954477414 0.535350033587928 1.15382110080111
0.726160417166896 -0.388688646564064 -0.299323571664071 -0.388688646564064 1.68301745981751 0.549301068495111 -0.299323571664071 0.549301068495111 1.15967114396669
