1.0381968478042 0.0452953837904753 0.0448120625502948 0.0452953837904753 0.985260403879454 -0.00539878741138106 0.0448120625502948 -0.00539878741138106 0.981572207817453
1.04580473947444 0.0536973061879672 0.0531058160823726 0.0536973061879672 0.982803342621291 -0.00614966113547469 0.0531058160823726 -0.00614966113547469 0.978446831258577
1.0536003684587 0.0621283275453456 0.0614226064276739 0.0621283275453456 0.980423699133383 -0.00682617542220273 0.0614226064276739 -0.00682617542220273 0.975401415461312
1.06158540572162 0.0705898896646533 0.0697638558995557 0.0705898896646533 0.978121404903392 -0.00742844658763198 0.0697638558995557 -0.00742844658763198 0.972435778019164
1.06976155685344 0.0790834423639685 0.0781309937617791 0.0790834423639685 0.975896403672534 -0.0079565786411772 0.0781309937617791 -0.0079565786411772 0.969549748963563
1.07813056242224 0.0876104437325706 0.08652545647814 0.0876104437325706 0.973748651452308 -0.00841066327798937 0.08652545647814 -0.00841066327798937 0.966743170762219
1.08669419833265 0.096172360387989 0.0949486879637976 0.096172360387989 0.971678116543276 -0.0087907798692935 0.0949486879637976 -0.0087907798692935 0.964015898319525
1.09545427619107 0.104770667734986 0.103402139838346 0.104770667734986 0.969684779555912 -0.00909699545067949 0.103402139838346 -0.00909699545067949 0.961367798978998
1.10441264367763 0.113406850226524 0.111887271680682 0.113406850226524 0.967768633433516 -0.00932936470833863 0.111887271680682 -0.00932936470833863 0.958798752527772
1.11357118492475 0.122082401626756 0.120405551285705 0.122082401626756 0.965929683477199 -0.00948792996323353 0.120405551285705 -0.00948792996323353 0.956308651203153
1.12293182090255 0.130798825276098 0.128958454922898 0.130798825276098 0.964167947372957 -0.00957272115320142 0.128958454922898 -0.00957272115320142 0.953897399701233
1.13249650981106 0.139557634358418 0.137547467596843 0.139557634358418 0.962483455220836 -0.00958375581298063 0.137547467596843 -0.00958375581298063 0.951564915187566
1.14226724747943 0.148360352170404 0.146174083309704 0.148360352170404 0.960876249566199 -0.00952103905215208 0.146174083309704 -0.00952103905215208 0.949311127309921
1.15224606777214 0.157208512393146 0.154839805325743 0.157208512393146 0.959346385433108 -0.00938456353099118 0.154839805325743 -0.00938456353099118 0.947135978213123
1.16243504300225 0.166103659365995 0.163546146437895 0.166103659365995 0.957893930359822 -0.00917430943421418 0.163546146437895 -0.00917430943421418 0.945039422555962
1.17283628435191 0.175047348362731 0.17229462923647 0.175047348362731 0.95651896443643 -0.00889024444262204 0.17229462923647 -0.00889024444262204 0.943021427530211
1.18345194230013 0.184041145870118 0.181086786380021 0.184041145870118 0.955221580344627 -0.00853232370262004 0.181086786380021 -0.00853232370262004 0.941081972881738
1.19428420705782 0.19308662986886 0.189924160868428 0.19308662986886 0.954001883399641 -0.00810048979361655 0.189924160868428 -0.00810048979361655 0.939221050933729
1.20533530901037 0.202185390117046 0.198808306318242 0.202185390117046 0.952859991594326 -0.00759467269327635 0.198808306318242 -0.00759467269327635 0.937438666612026
1.2166075191677 0.211339028436107 0.207740787240355 0.211339028436107 0.951796035645432 -0.00701478974063749 0.207740787240355 -0.00701478974063749 0.935734837472593
1.22810314962193 0.220549158999355 0.216723179320031 0.220549158999355 0.95081015904206 -0.00636074559705739 0.216723179320031 -0.00636074559705739 0.93410959373111
1.23982455401277 0.229817408623152 0.225757069699353 0.229817408623152 0.949902518096323 -0.00563243220500186 0.225757069699353 -0.00563243220500186 0.932562978294717
1.25177412800069 0.239145417060752 0.234844057262143 0.239145417060752 0.94907328199622 -0.00482972874464888 0.234844057262143 -0.00482972874464888 0.931095046795918
1.26395430974802 0.248534837298894 0.243985752921396 0.248534837298894 0.948322632860725 -0.00395250158829857 0.243985752921396 -0.00395250158829857 0.929705867628622
1.276367580408 0.257987335857172 0.2531837799093 0.257987335857172 0.947650765797143 -0.00300060425258518 0.2531837799093 -0.00300060425258518 0.928395521986391
1.28901646462195 0.267504593090255 0.262439774069866 0.267504593090255 0.947057888960693 -0.00197387734846928 0.262439774069866 -0.00197387734846928 0.92716410390285
1.30190353102458 0.277088303493014 0.271755384154251 0.277088303493014 0.946544223616379 -0.000872148529001249 0.271755384154251 -0.000872148529001249 0.926011720294299
1.31503139275763 0.2867401760086 0.28113227211881 0.2867401760086 0.946110004203133 0.000304767565155517 0.28113227211881 0.000304767565155517 0.924938491004533
1.32840270799186 0.296461934339532 0.290572113425937 0.296461934339532 0.945755478400268 0.00155706936245731 0.290572113425937 0.00155706936245731 0.923944548851884
1.34202018045757 0.306255317261874 0.300076597347752 0.306255317261874 0.945480907196241 0.00288496841948599 0.300076597347752 0.00288496841948599 0.923030039678484
1.35588655998367 0.316122078942518 0.309647427272681 0.316122078942518 0.945286564959742 0.00428868948223166 0.309647427272681 0.00428868948223166 0.922195122401784
1.37000464304551 0.326063989259677 0.319286321015006 0.326063989259677 0.945172739513144 0.00576847054968257 0.319286321015006 0.00576847054968257 0.921439969068325
1.38437727332139 0.336082834126612 0.328995011127413 0.336082834126612 0.945139732208307 0.00732456293972192 0.328995011127413 0.00732456293972192 0.920764764909779
1.39900734225821 0.346180415818673 0.338775245216627 0.346180415818673 0.945187858004763 0.00895723135735822 0.338775245216627 0.00895723135735822 0.920169708401275
1.41389778964589 0.356358553303704 0.348628786262158 0.356358553303704 0.945317445550308 0.0106667539653008 0.348628786262158 0.0106667539653008 0.919655011322027
1.42905160420117 0.366619082575885 0.358557412938253 0.366619082575885 0.945528837264015 0.0124534224568973 0.358557412938253 0.0124534224568973 0.91922089881827
1.44447182416046 0.376963856993058 0.368562919939086 0.376963856993058 0.945822389421667 0.0143175421314475 0.368562919939086 0.0143175421314475 0.918867609468532
1.46016153788227 0.38739474761761 0.378647118307257 0.38739474761761 0.946198472243665 0.0162594319719188 0.378647118307257 0.0162594319719188 0.918595395351245
1.47612388445895 0.397913643560979 0.388811835765666 0.397913643560979 0.946657469985399 0.0182794247250706 0.388811835765666 0.0182794247250706 0.918404522114717
1.49236205433815 0.408522452331832 0.399058917052808 0.408522452331832 0.947199781030119 0.0203778669840145 0.399058917052808 0.0203778669840145 0.918295269049485
1.508879289954 0.419223100188 0.409390224261569 0.419223100188 0.947825817984322 0.0225551192732236 0.409390224261569 0.0225551192732236 0.918267929163052
1.52567888636813 0.430017532492222 0.419807637181577 0.430017532492222 0.94853600777568 0.024811556136009 0.419807637181577 0.024811556136009 0.918322809257053
1.54276419192068 0.440907714071765 0.430313053645166 0.440907714071765 0.949330791753508 0.0271475662244943 0.430313053645166 0.0271475662244943 0.918460230006825
1.56013860889144 0.451895629581994 0.440908389877034 0.451895629581994 0.950210625791839 0.029563552392089 0.440908389877034 0.029563552392089 0.918680526043445
1.57780559417119 0.462983283873956 0.451595580847642 0.462983283873956 0.951175980395076 0.0320599317884978 0.451595580847642 0.0320599317884978 0.918984046038221
1.59576865994351 0.474172702366048 0.462376580630431 0.474172702366048 0.95222734080629 0.0346371359572804 0.462376580630431 0.0346371359572804 0.919371152789672
1.61403137437699 0.485465931419832 0.473253362762922 0.485465931419832 0.953365207118153 0.0372956109359785 0.473253362762922 0.0372956109359785 0.91984222331301
1.63259736232811 0.496865038720083 0.484227920611765 0.496865038720083 0.954590094386538 0.0400358173588432 0.484227920611765 0.0400358173588432 0.92039764893215
1.65147030605498 0.508372113659119 0.495302267741802 0.508372113659119 0.955902532746837 0.0428582305621732 0.495302267741802 0.0428582305621732 0.92103783537425
1.67065394594189 0.519989267725514 0.506478438289219 0.519989267725514 0.957303067532976 0.0457633406922937 0.506478438289219 0.0457633406922937 0.921763202866837
