1.01957013478787 0.0688424320602328 -0.0062724783868315 0.0688424320602328 1.00342496818111 -0.00253236620111402 -0.0062724783868315 -0.00253236620111402 0.982049877882876
1.02371984380294 0.0816502832062113 -0.00744366310300854 0.0816502832062113 1.00456776294367 -0.00304002328763772 -0.00744366310300854 -0.00304002328763772 0.978793051919736
1.02804485239838 0.0945142380489366 -0.00862126917271214 0.0945142380489366 1.0058717142284 -0.00356108818605619 -0.00862126917271214 -0.00356108818605619 0.975548610331049
1.0325464352811 0.107436513314216 -0.00980549950545743 0.107436513314216 1.00733757616384 -0.00409565054460485 -0.00980549950545743 -0.00409565054460485 0.972316525107691
1.03722589928818 0.120419342416889 -0.0109965587556959 0.120419342416889 1.00896613092585 -0.00464380256877966 -0.0109965587556959 -0.00464380256877966 0.969096768604016
1.04208458370144 0.133464975869148 -0.0121946533609112 0.133464975869148 1.01075818895587 -0.00520563904408776 -0.0121946533609112 -0.00520563904408776 0.965889313539753
1.04712386056827 0.146575681692936 -0.0133999915801254 0.146575681692936 1.01271458918428 -0.00578125735928299 -0.0133999915801254 -0.00578125735928299 0.962694133001947
1.05234513502868 0.159753745836499 -0.0146127835328222 0.159753745836499 1.01483619925898 -0.0063707575300911 -0.0146127835328222 -0.0063707575300911 0.959511200446955
1.05774984564865 0.173001472595172 -0.0158332412382962 0.173001472595172 1.01712391577937 -0.00697424222343147 -0.0158332412382962 -0.00697424222343147 0.956340489702475
1.06333946475988 0.186321185036477 -0.0170615786554329 0.186321185036477 1.01957866453559 -0.00759181678213847 -0.0170615786554329 -0.00759181678213847 0.95318197496964
1.06911549880602 0.199715225429617 -0.0182980117229309 0.199715225429617 1.0222014007532 -0.0082235892501912 -0.0182980117229309 -0.0082235892501912 0.950035630825151
1.07507948869545 0.213185955679461 -0.0195427583999714 0.213185955679461 1.02499310934333 -0.00886967039845367 -0.0195427583999714 -0.00886967039845367 0.946901432223465
1.08123301016066 0.226735757765066 -0.020796038707344 0.226735757765066 1.02795480515833 -0.0095301737509351 -0.020796038707344 -0.0095301737509351 0.943779354499029
1.08757767412436 0.240367034182869 -0.0220580747690366 0.240367034182869 1.03108753325305 -0.0102052156115724 -0.0220580747690366 -0.0102052156115724 0.940669373368566
1.09411512707236 0.254082208394602 -0.0233290908542971 0.254082208394602 1.03439236915172 -0.0108949150915441 -0.0233290908542971 -0.0108949150915441 0.937571464933415
1.10084705143329 0.267883725280024 -0.0246093134201769 0.267883725280024 1.03787041912051 -0.0115993941371187 -0.0246093134201769 -0.0115993941371187 0.934485605681925
1.10777516596531 0.28177405159456 -0.0258989711545615 0.28177405159456 1.04152282044596 -0.012318777558048 -0.0258989711545615 -0.012318777558048 0.931411772491891
1.11490122614984 0.295755676431943 -0.0271982950196996 0.295755676431943 1.04535074171909 -0.0130531930565053 -0.0271982950196996 -0.0130531930565053 0.928349942633054
1.12222702459239 0.309831111691925 -0.0285075182962372 0.309831111691925 1.04935538312554 -0.0138027712565821 -0.0285075182962372 -0.0138027712565821 0.925300093769655
1.12975439143061 0.324002892553183 -0.0298268766277667 0.324002892553183 1.05353797674158 -0.0145676457343442 -0.0298268766277667 -0.0145676457343442 0.922262203963035
1.1374851947496 0.338273577951473 -0.0311566080658992 0.338273577951473 1.0578997868362 -0.0153479530484569 -0.0311566080658992 -0.0153479530484569 0.919236251674296
1.14542134100468 0.352645751063162 -0.0324969531158675 0.352645751063162 1.06244211017923 -0.0161438327713839 -0.0324969531158675 -0.0161438327713839 0.916222215767018
1.15356477545157 0.367122019794207 -0.0338481547826728 0.367122019794207 1.0671662763557 -0.0169554275211703 -0.0338481547826728 -0.0169554275211703 0.913220075510033
1.16191748258413 0.381705017274678 -0.0352104586177784 0.381705017274678 1.07207364808638 -0.017782882993811 -0.0352104586177784 -0.017782882993811 0.910229810580254
1.17048148657984 0.396397402358953 -0.0365841127663654 0.396397402358953 1.07716562155465 -0.0186263479962185 -0.0365841127663654 -0.0186263479962185 0.907251401065559
1.17925885175293 0.411201860131619 -0.0379693680151553 0.411201860131619 1.08244362673971 -0.0194859744797903 -0.0379693680151553 -0.0194859744797903 0.904284827467745
1.18825168301546 0.426121102419261 -0.039366477840812 0.426121102419261 1.08790912775632 -0.0203619175745896 -0.039366477840812 -0.0203619175745896 0.901330070705527
1.19746212634633 0.441157868308159 -0.0407756984589305 0.441157868308159 1.09356362320096 -0.0212543356241412 -0.0407756984589305 -0.0212543356241412 0.898387112117609
1.20689236926832 0.456314924668055 -0.0421972888736236 0.456314924668055 1.09940864650469 -0.0221633902208551 -0.0421972888736236 -0.0221633902208551 0.895455933465805
1.21654464133329 0.471595066682063 -0.0436315109277161 0.471595066682063 1.10544576629263 -0.0230892462420811 -0.0436315109277161 -0.0230892462420811 0.892536516938233
1.22642121461568 0.487001118382823 -0.0450786293535554 0.487001118382823 1.11167658675022 -0.0240320718868056 -0.0450786293535554 -0.0240320718868056 0.889628845152562
1.23652440421439 0.502535933195035 -0.0465389118244502 0.502535933195035 1.11810274799637 -0.0249920387129968 -0.0465389118244502 -0.0249920387129968 0.886732901159328
1.24685656876302 0.518202394484438 -0.0480126290067466 0.518202394484438 1.12472592646342 -0.0259693216756062 -0.0480126290067466 -0.0259693216756062 0.883848668445308
1.25742011094888 0.534003416113375 -0.0495000546125515 0.534003416113375 1.13154783528421 -0.0269640991652366 -0.0495000546125515 -0.0269640991652366 0.880976130936968
1.26821747804052 0.549941943003045 -0.0510014654531154 0.549941943003045 1.13857022468621 -0.0279765530474816 -0.0510014654531154 -0.0279765530474816 0.878115273003964
1.27925116242417 0.56602095170254 -0.0525171414928834 0.56602095170254 1.14579488239281 -0.0290068687029489 -0.0525171414928834 -0.0290068687029489 0.875266079462723
1.2905237021491 0.582243450964805 -0.0540473659042266 0.582243450964805 1.15322363403189 -0.0300552350679725 -0.0540473659042266 -0.0300552350679725 0.872428535580079
1.30203768148197 0.598612482329603 -0.0555924251228636 0.598612482329603 1.16085834355175 -0.0311218446760252 -0.0555924251228636 -0.0311218446760252 0.869602627076985
1.31379573147037 0.615131120713633 -0.0571526089039845 0.615131120713633 1.16870091364445 -0.032206893699839 -0.0571526089039845 -0.032206893699839 0.866788340132288
1.32580053051563 0.631802475007904 -0.0587282103790878 0.631802475007904 1.17675328617674 -0.0333105819942425 -0.0587282103790878 -0.0333105819942425 0.863985661386585
1.33805480495504 0.648629688682458 -0.0603195261135412 0.648629688682458 1.1850174426286 -0.0344331131397241 -0.0603195261135412 -0.0344331131397241 0.861194577946131
1.35056132965357 0.665615940398626 -0.0619268561648785 0.665615940398626 1.19349540453944 -0.0355746944867321 -0.0619268561648785 -0.0355746944867321 0.858415077386838
1.36332292860527 0.682764444628871 -0.0635505041418452 0.682764444628871 1.20218923396226 -0.0367355372007191 -0.0635505041418452 -0.0367355372007191 0.855647147758331
1.37634247554438 0.700078452284376 -0.065190777264201 0.700078452284376 1.21110103392555 -0.0379158563079409 -0.065190777264201 -0.0379158563079409 0.852890777588089
1.38962289456643 0.717561251350503 -0.0668479864232968 0.717561251350503 1.22023294890341 -0.0391158707420204 -0.0668479864232968 -0.0391158707420204 0.850145955885657
1.40316716075931 0.735216167530238 -0.0685224462434328 0.735216167530238 1.22958716529357 -0.0403358033912859 -0.0685224462434328 -0.0403358033912859 0.847412672146922
1.41697830084456 0.753046564895766 -0.0702144751440136 0.753046564895766 1.23916591190386 -0.0415758811468936 -0.0702144751440136 -0.0415758811468936 0.844690916358488
1.4310593938289 0.771055846548271 -0.0719243954025118 0.771055846548271 1.2489714604468 -0.042836334951745 -0.0719243954025118 -0.042836334951745 0.841980679002106
1.44541357166625 0.789247455286145 -0.073652533218252 0.789247455286145 1.25900612604278 -0.044117399850209 -0.073652533218252 -0.044117399850209 0.839281951059199
1.46004401993036 0.807624874281698 -0.0753992187770288 0.807624874281698 1.26927226773168 -0.0454193150386603 -0.0753992187770288 -0.0454193150386603 0.836594724015453
