0.940771800226809 0.00458580744664192 -0.0164906946591583 0.00458580744664192 1.07671306005358 0.00122377890384665 -0.0164906946591583 0.00122377890384665 0.987535192887562
0.930313784126497 0.00543393324697194 -0.0193881097694467 0.00543393324697194 1.0914324148494 0.00144869851567542 -0.0193881097694467 0.00144869851567542 0.985293112069088
0.919982394887716 0.00628422615972041 -0.0222459579600301 0.00628422615972041 1.10635369828467 0.00167375749700874 -0.0222459579600301 0.00167375749700874 0.983065334381364
0.909776095730419 0.00713683091831619 -0.0250647259326312 0.00713683091831619 1.12147967192894 0.00189899415879859 -0.0250647259326312 0.00189899415879859 0.980851703118933
0.899693368689141 0.00799189283569194 -0.0278448944286543 0.00799189283569194 1.13681313522366 0.00212444689208708 -0.0278448944286543 0.00212444689208708 0.978652063468253
0.889732714384631 0.008849557829321 -0.0305869383016329 0.008849557829321 1.15235692600021 0.00235015417452604 -0.0305869383016329 0.00235015417452604 0.976466262484715
0.879892651798263 0.00970997244640184 -0.0332913265887875 0.00970997244640184 1.16811392100515 0.00257615457691965 -0.0332913265887875 0.00257615457691965 0.974294149069939
0.870171718049235 0.0105732838891644 -0.0359585225817111 0.0105732838891644 1.18408703643256 0.00280248676979192 -0.0359585225817111 0.00280248676979192 0.972135573949351
0.860568468174479 0.011439640040339 -0.0385889838961863 0.011439640040339 1.2002792284638 0.00302918952997926 -0.0385889838961863 0.00302918952997926 0.969990389650034
0.851081474911286 0.0123091894887549 -0.0411831625411499 0.0123091894887549 1.21669349381455 0.0032563017472493 -0.0411831625411499 0.0032563017472493 0.967858450478851
0.841709328482583 0.0131820815551032 -0.0437415049868107 0.0131820815551032 1.2333328702894 0.003483862430948 -0.0437415049868107 0.003483862430948 0.965739612500827
0.832450636384859 0.0140584663178492 -0.0462644522319348 0.0140584663178492 1.25020043734411 0.00371191071667524 -0.0462644522319348 0.00371191071667524 0.963633733517813
0.823304023178682 0.0149384946393124 -0.0487524398703057 0.0149384946393124 1.26729931665544 0.00394048587299048 -0.0487524398703057 0.00394048587299048 0.961540673047389
0.814268130281783 0.0158223181919044 -0.0512058981563705 0.0158223181919044 1.28463267269889 0.00416962730814954 -0.0512058981563705 0.00416962730814954 0.959460292302044
0.805341615764694 0.0167100894845447 -0.0536252520700827 0.0167100894845447 1.30220371333434 0.00439937457687377 -0.0536252520700827 0.00439937457687377 0.957392454168598
0.796523154148882 0.0176019618892451 -0.0560109213809487 0.0176019618892451 1.32001569039971 0.00462976738715271 -0.0560109213809487 0.00462976738715271 0.955337023187886
0.787811436207365 0.0184980896678794 -0.0583633207112907 0.0184980896678794 1.33807190031276 0.00486084560708123 -0.0583633207112907 0.00486084560708123 0.953293865534681
0.779205168767777 0.0193986279991325 -0.060682859598734 0.0193986279991325 1.35637568468111 0.00509264927173307 -0.060682859598734 0.00509264927173307 0.951262848997868
0.770703074517846 0.0203037330056418 -0.0629699425579289 0.0203037330056418 1.37493043092068 0.00532521859007051 -0.0629699425579289 0.00532521859007051 0.949243842960862
0.762303891813274 0.021213561781331 -0.0652249691415142 0.021213561781331 1.39373957288258 0.0055585939518935 -0.0652249691415142 0.0055585939518935 0.947236718382258
0.754006374487962 0.022128272418946 -0.0674483340003346 0.022128272418946 1.41280659148853 0.00579281593482711 -0.0674483340003346 0.00579281593482711 0.945241347776732
0.745809291666574 0.0230480240377844 -0.0696404269429201 0.0230480240377844 1.43213501537511 0.00602792531135039 -0.0696404269429201 0.00602792531135039 0.943257605196158
0.73771142757941 0.023972976811649 -0.0718016329942336 0.023972976811649 1.45172842154676 0.00626396305586702 -0.0718016329942336 0.00626396305586702 0.94128536621097
0.729711581379546 0.0249032919969997 -0.0739323324537012 0.0249032919969997 1.4715904360377 0.00650097035181904 -0.0739323324537012 0.00650097035181904 0.939324507891749
0.721808566962218 0.025839131961334 -0.0760329009525276 0.025839131961334 1.49172473458302 0.00673898859884486 -0.0760329009525276 0.00673898859884486 0.937374908791029
0.714001212786448 0.0267806602117862 -0.0781037095103085 0.0267806602117862 1.51213504329889 0.00697805941998316 -0.0781037095103085 0.00697805941998316 0.935436448925336
0.706288361698843 0.0277280414239548 -0.0801451245909514 0.0277280414239548 1.53282513937213 0.00721822466892363 -0.0801451245909514 0.00721822466892363 0.933509009757439
0.698668870759567 0.0286814414709666 -0.082157508157906 0.0286814414709666 1.55379885175917 0.00745952643730597 -0.082157508157906 0.00745952643730597 0.93159247417882
0.691141611070462 0.0296410274527783 -0.0841412177287175 0.0296410274527783 1.57506006189468 0.00770200706206809 -0.0841412177287175 0.00770200706206809 0.929686726492366
0.683705467605279 0.0306069677257193 -0.0860966064289131 0.0306069677257193 1.59661270440987 0.00794570913284566 -0.0860966064289131 0.00794570913284566 0.927791652395259
0.676359339041995 0.0315794319322882 -0.0880240230452217 0.0315794319322882 1.61846076786058 0.0081906754994229 -0.0880240230452217 0.0081906754994229 0.925907138962091
0.669102137597206 0.0325585910312013 -0.0899238120781448 0.0325585910312013 1.64060829546543 0.00843694927923765 -0.0899238120781448 0.00843694927923765 0.924033074628176
0.661932788862551 0.0335446173277014 -0.0917963137938774 0.0335446173277014 1.66305938585405 0.00868457386494043 -0.0917963137938774 0.00868457386494043 0.922169349173068
0.654850231643155 0.0345376845041309 -0.0936418642755935 0.0345376845041309 1.68581819382555 0.00893359293201033 -0.0936418642755935 0.00893359293201033 0.920315853704285
0.647853417798061 0.0355379676507807 -0.095460795474101 0.0355379676507807 1.70888893111741 0.00918405044642706 -0.095460795474101 0.00918405044642706 0.918472480641229
0.640941312082632 0.0365456432970058 -0.0972534352578729 0.0365456432970058 1.73227586718486 0.00943599067240343 -0.0972534352578729 0.00943599067240343 0.916639123699304
0.634112891992897 0.037560889442635 -0.0990201074624631 0.037560889442635 1.75598332999102 0.00968945818017632 -0.0990201074624631 0.00968945818017632 0.914815677874231
0.627367147611811 0.0385838855896558 -0.100761131939317 0.0385838855896558 1.7800157068078 0.00994449785386043 -0.100761131939317 0.00994449785386043 0.91300203942655
0.62070308145742 0.0396148127742022 -0.102476824603977 0.0396148127742022 1.80437744502776 0.0102011548993639 -0.102476824603977 0.0102011548993639 0.911198105866321
0.614119708332897 0.0406538535988364 -0.104167497483701 0.0406538535988364 1.82907305298717 0.0104594748523693 -0.104167497483701 0.0104594748523693 0.909403775938001
0.607616055178423 0.0417011922651357 -0.10583345876449 0.0417011922651357 1.85410710080029 0.0107195035863794 -0.10583345876449 0.0107195035863794 0.907618949605518
0.601191160924912 0.0427570146065926 -0.107475012837537 0.0427570146065926 1.8794842212051 0.0109812873208303 -0.107475012837537 0.0109812873208303 0.905843528037522
0.59484407634953 0.0438215081218267 -0.109092460345108 0.0438215081218267 1.90520911042058 0.0112448726292739 -0.109092460345108 0.0112448726292739 0.904077413592821
0.588573863933001 0.0448948620081227 -0.110686098225854 0.0448948620081227 1.93128652901583 0.0115103064476297 -0.110686098225854 0.0115103064476297 0.902320509805984
0.582379597718689 0.0459772671952986 -0.112256219759567 0.0459772671952986 1.95772130279097 0.0117776360825079 -0.112256219759567 0.0117776360825079 0.900572721373142
0.576260363173408 0.0470689163799015 -0.113803114611381 0.0470689163799015 1.98451832367024 0.0120469092196063 -0.113803114611381 0.0120469092196063 0.898833954137946
0.570215257049963 0.0481700040597503 -0.115327068875433 0.0481700040597503 2.01168255060722 0.0123181739321813 -0.115327068875433 0.0123181739321813 0.897104115077701
0.56424338725139 0.0492807265688237 -0.116828365117985 0.0492807265688237 2.03921901050255 0.012591478689595 -0.116828365117985 0.012591478689595 0.895383112289678
0.558343872696875 0.0504012821125018 -0.118307282420007 0.0504012821125018 2.06713279913413 0.0128668723659397 -0.118307282420007 0.0128668723659397 0.893670854977582
0.552515843189341 0.0515318708031631 -0.119764096419249 0.0515318708031631 2.09542908210015 0.0131444042487417 -0.119764096419249 0.0131444042487417 0.891967253438202
