1.01278376776283 -0.066209926838991 0.0119673150879868 -0.066209926838991 0.978746548381465 0.000105886288324468 0.0119673150879868 0.000105886288324468 1.01344191639475
1.01564119515853 -0.0783002177375098 0.0141969767964624 -0.0783002177375098 0.975372969018173 3.91605992466279e-05 0.0141969767964624 3.91605992466279e-05 1.01594582671614
1.018656903191 -0.0903735785472679 0.0164373591148837 -0.0903735785472679 0.97216151987919 -5.43243979180541e-05 0.0164373591148837 -5.43243979180541e-05 1.01846070949378
1.02183102442427 -0.102432014641001 0.0186888342914765 -0.102432014641001 0.969111299160818 -0.000174584469610453 0.0186888342914765 -0.000174584469610453 1.02098661279135
1.02516371699932 -0.114477524412061 0.0209517756151105 -0.114477524412061 0.96622143341346 -0.000321639859226494 0.0209517756151105 -0.000321639859226494 1.02352358559952
1.02865516460224 -0.126512099616654 0.0232265574740949 -0.126512099616654 0.963491077334821 -0.000495515280626621 0.0232265574740949 -0.000495515280626621 1.02607167784004
1.03230557643645 -0.138537725714232 0.025513555415022 -0.138537725714232 0.960919413568184 -0.000696239912392108 0.025513555415022 -0.000696239912392108 1.02863094037016
1.03611518719935 -0.150556382206077 0.0278131462016671 -0.150556382206077 0.958505652505699 -0.000923847392823134 0.0278131462016671 -0.000923847392823134 1.03120142498699
1.04008425706297 -0.16257004297215 0.030125707873955 -0.16257004297215 0.956249032096655 -0.0011783758156781 0.030125707873955 -0.0011783758156781 1.03378318443215
1.04421307165903 -0.174580676606262 0.0324516198070017 -0.174580676606262 0.954148817660689 -0.00145986772665216 0.0324516198070017 -0.00145986772665216 1.0363762723965
1.04850194206805 -0.186590246749628 0.0347912627702415 -0.186590246749628 0.952204301705875 -0.00176837012058975 0.0347912627702415 -0.00176837012058975 1.03898074352503
1.05295120481272 -0.198600712422848 0.0371450189866493 -0.198600712422848 0.95041480375169 -0.00210393443943351 0.0371450189866493 -0.00210393443943351 1.04159665342183
1.05756122185539 -0.210614028356394 0.0395132721920655 -0.210614028356394 0.948779670156768 -0.00246661657090254 0.0395132721920655 -0.00246661657090254 1.0442240586553
1.06233238059978 -0.222632145319643 0.0418964076946366 -0.222632145319643 0.947298273951445 -0.00285647684790334 0.0418964076946366 -0.00285647684790334 1.04686301676343
1.06726509389678 -0.234657010448529 0.0442948124343768 -0.234657010448529 0.945970014675032 -0.00327358004866693 0.0442948124343768 -0.00327358004866693 1.04951358625926
1.07235980005445 -0.246690567571839 0.0467088750428634 -0.246690567571839 0.944794318217788 -0.00371799539761418 0.0467088750428634 -0.00371799539761418 1.05217582663644
1.07761696285212 -0.258734757536267 0.049138985903074 -0.258734757536267 0.943770636667556 -0.00418979656694529 0.049138985903074 -0.00418979656694529 1.05484979837497
1.08303707155863 -0.270791518530213 0.051585537209374 -0.270791518530213 0.942898448161028 -0.00468906167895407 0.051585537209374 -0.00468906167895407 1.05753556294711
1.0886206409547 -0.282862786406432 0.0540489230276662 -0.282862786406432 0.942177256739591 -0.00521587330906356 0.0540489230276662 -0.00521587330906356 1.06023318282333
1.09436821135943 -0.294950495003581 0.0565295393557108 -0.294950495003581 0.941606592209749 -0.00577031848958497 0.0565295393557108 -0.00577031848958497 1.06294272147855
1.10028034866085 -0.307056576466686 0.0590277841836235 -0.307056576466686 0.941186010008054 -0.00635248871419464 0.0590277841836235 -0.00635248871419464 1.0656642433984
1.10635764435068 -0.319182961566638 0.0615440575545654 -0.319182961566638 0.94091509107053 -0.00696247994313312 0.0615440575545654 -0.00696247994313312 1.0683978140857
1.1126007155631 -0.331331580018715 0.0640787616256291 -0.331331580018715 0.940793441706576 -0.00760039260912108 0.0640787616256291 -0.00760039260912108 1.07114350006706
1.11901020511768 -0.343504360800236 0.0666323007289347 -0.343504360800236 0.940820693477268 -0.00826633162399326 0.0666323007289347 -0.00826633162399326 1.07390136889963
1.12558678156638 -0.355703232467362 0.0692050814329438 -0.355703232467362 0.940996503078101 -0.00896040638605262 0.0692050814329438 -0.00896040638605262 1.07667148917801
1.13233113924467 -0.367930123471118 0.0717975126039987 -0.367930123471118 0.941320552226062 -0.00968273078813814 0.0717975126039987 -0.00968273078813814 1.07945393054132
1.13924399832673 -0.380186962472681 0.0744100054681014 -0.380186962472681 0.941792547551077 -0.0104334232264116 0.0744100054681014 -0.0104334232264116 1.08224876368035
1.14632610488476 -0.392475678657996 0.0770429736729363 -0.392475678657996 0.942412220491755 -0.011212606609861 0.0770429736729363 -0.011212606609861 1.08505606034497
1.15357823095236 -0.404798202051767 0.0796968333501511 -0.404798202051767 0.94317932719543 -0.0120204083705196 0.0796968333501511 -0.0120204083705196 1.08787589335163
1.16100117459207 -0.417156463830863 0.0823720031779008 -0.417156463830863 0.944093648422465 -0.0128569604744022 0.0823720031779008 -0.0128569604744022 1.09070833659097
1.16859575996693 -0.429552396637222 0.08506890444367 -0.429552396637222 0.945154989454781 -0.0137223994331585 0.08506890444367 -0.0137223994331585 1.0935534650357
1.17636283741618 -0.441987934890278 0.0877879611073768 -0.441987934890278 0.946363180008623 -0.0146168663164433 0.0877879611073768 -0.0146168663164433 1.09641135474854
1.18430328353513 -0.454465015098978 0.0905295998647744 -0.454465015098978 0.947718074151493 -0.0155405067650044 0.0905295998647744 -0.0155405067650044 1.09928208289033
1.19241800125899 -0.466985576173427 0.093294250211154 -0.466985576173427 0.949219550223258 -0.016493471004488 0.093294250211154 -0.016493471004488 1.10216572772835
1.20070791995097 -0.479551559736225 0.0960823445053628 -0.479551559736225 0.950867510761399 -0.0174759138599631 0.0960823445053628 -0.0174759138599631 1.10506236864472
1.20917399549441 -0.492164910433562 0.0988943180341471 -0.492164910433562 0.952661882430393 -0.0184879947711663 0.0988943180341471 -0.0184879947711663 1.10797208614504
1.21781721038902 -0.504827576246068 0.101730609076826 -0.504827576246068 0.954602615955174 -0.0195298778084648 0.101730609076826 -0.0195298778084648 1.11089496186711
1.22663857385137 -0.517541508799538 0.104591658970312 -0.517541508799538 0.956689686058704 -0.0206017316895437 0.104591658970312 -0.0206017316895437 1.11383107858987
1.23563912191934 -0.53030866367554 0.107477912174481 -0.53030866367554 0.95892309140358 -0.0217037297968117 0.107477912174481 -0.0217037297968117 1.11678052024249
1.24481991756089 -0.54313100072196 0.110389816337905 -0.54313100072196 0.961302854537695 -0.0228360501955343 0.110389816337905 -0.0228360501955343 1.11974337191359
1.25418205078686 -0.556010484363557 0.113327822363964 -0.556010484363557 0.96382902184393 -0.0239988756526893 0.113327822363964 -0.0239988756526893 1.12271971986068
1.26372663876798 -0.568949083912554 0.116292384477335 -0.568949083912554 0.966501663493847 -0.025192393656551 0.116292384477335 -0.025192393656551 1.12570965151972
1.2734548259561 -0.581948773879325 0.119283960290875 -0.581948773879325 0.969320873405364 -0.0264167964369986 0.119283960290875 -0.0264167964369986 1.12871325551485
1.28336778420951 -0.595011534283244 0.122303010872904 -0.595011534283244 0.972286769204429 -0.0276722809865589 0.122303010872904 -0.0276722809865589 1.13173062166832
1.29346671292249 -0.608139350963714 0.12535000081491 -0.608139350963714 0.975399492190632 -0.028959049082177 0.12535000081491 -0.028959049082177 1.13476184101057
1.30375283915915 -0.621334215891456 0.12842539829967 -0.621334215891456 0.978659207306771 -0.030277307307722 0.12842539829967 -0.030277307307722 1.13780700579045
1.31422741779133 -0.634598127480087 0.131529675169801 -0.634598127480087 0.982066103112349 -0.0316272670772258 0.131529675169801 -0.0316272670772258 1.14086620948569
1.3248917316409 -0.647933090898069 0.134663306996767 -0.647933090898069 0.985620391760996 -0.0330091446588635 0.134663306996767 -0.0330091446588635 1.14393954681343
1.33574709162613 -0.661341118381018 0.137826773150325 -0.661341118381018 0.989322308981778 -0.0344231611996695 0.137826773150325 -0.0344231611996695 1.14702711374105
1.34679483691251 -0.67482422954451 0.141020556868447 -0.67482422954451 0.993172114064423 -0.0358695427509971 0.141020556868447 -0.0358695427509971 1.15012900749708
