1.03278002609367 -0.0163231753293788 0.0117092929417337 -0.0163231753293788 0.952446106110693 -0.0510410161432766 0.0117092929417337 -0.0510410161432766 1.01972826346187
1.03895947261577 -0.0193576692128158 0.0140155695302535 -0.0193576692128158 0.944278993290467 -0.0602749908863211 0.0140155695302535 -0.0602749908863211 1.023691938959
1.04518920271271 -0.0224046906393505 0.0163710602897305 -0.0224046906393505 0.936283027979368 -0.0694690547189983 0.0163710602897305 -0.0694690547189983 1.02776128648547
1.05146965162252 -0.0254647412513529 0.0187761535738066 -0.0254647412513529 0.928456305929892 -0.0786247201920175 0.0187761535738066 -0.0786247201920175 1.03193638651892
1.05780125944341 -0.0285383230851075 0.0212312446970238 -0.0285383230851075 0.920796956116466 -0.0877434879589187 0.0212312446970238 -0.0877434879589187 1.03621733494032
1.06418447117789 -0.0316259386476482 0.023736735972085 -0.0316259386476482 0.913303140320421 -0.0968268470514443 0.023736735972085 -0.0968268470514443 1.04060424298768
1.07061973677749 -0.034728090993384 0.0262930367480631 -0.034728090993384 0.905973052721579 -0.105876275152071 0.0262930367480631 -0.105876275152071 1.0450972372122
1.07710751118802 -0.037845283800515 0.0289005634495565 -0.037845283800515 0.898804919496389 -0.114893238863751 0.0289005634495565 -0.114893238863751 1.04969645943705
1.08364825439545 -0.0409780214472569 0.0315597396167928 -0.0409780214472569 0.891796998422518 -0.123879193976908 0.0315597396167928 -0.123879193976908 1.05440206671852
1.09024243147232 -0.0441268090878872 0.0342709959466853 -0.0441268090878872 0.884947578489807 -0.132835585733758 0.0342709959466853 -0.132835585733758 1.05921423130975
1.09689051262481 -0.0472921527286231 0.0370347703348467 -0.0472921527286231 0.878254979517516 -0.141763849089983 0.0370347703348467 -0.141763849089983 1.06413314062688
1.10359297324029 -0.050474559303344 0.0398515079185546 -0.050474559303344 0.871717551777769 -0.150665408973824 0.0398515079185546 -0.150665408973824 1.06915899721765
1.11035029393557 -0.053674536749174 0.0427216611206872 -0.053674536749174 0.865333675625118 -0.159541680542635 0.0427216611206872 -0.159541680542635 1.07429201873243
1.11716296060565 -0.0568925940819293 0.0456456896946124 -0.0568925940819293 0.859101761132152 -0.168394069436958 0.0456456896946124 -0.168394069436958 1.07953243789776
1.12403146447322 -0.0601292414714516 0.048624060770051 -0.0601292414714516 0.853020247731059 -0.177223972032146 0.048624060770051 -0.177223972032146 1.08488050249213
1.1309563021386 -0.0633849903168312 0.0516572488999073 -0.0633849903168312 0.847087603861081 -0.186032775687605 0.0516572488999073 -0.186032775687605 1.09033647532436
1.13793797563038 -0.0666603533215415 0.0547457361080775 -0.0666603533215415 0.841302326621765 -0.194821858993694 0.0547457361080775 -0.194821858993694 1.09590063421417
1.14497699245675 -0.0699558445684816 0.0578900119382278 -0.0699558445684816 0.835662941431955 -0.20359259201632 0.0578900119382278 -0.20359259201632 1.10157327197529
1.15207386565727 -0.0732719795949602 0.0610905735035645 -0.0732719795949602 0.83016800169443 -0.212346336539295 0.0610905735035645 -0.212346336539295 1.10735469640079
1.1592291138555 -0.0766092754676092 0.0643479255375804 -0.0766092754676092 0.824816088466135 -0.221084446304476 0.0643479255375804 -0.221084446304476 1.11324523025089
1.16644326131204 -0.0799682508572588 0.0676625804457953 -0.0799682508572588 0.819605810133915 -0.22980826724976 0.0676625804457953 -0.22980826724976 1.11924521124298
1.17371683797842 -0.0833494261137722 0.0710350583584899 -0.0833494261137722 0.814535802095695 -0.23851913774495 0.0710350583584899 -0.23851913774495 1.12535499204406
1.18105037955146 -0.0867533233408603 0.0744658871844382 -0.0867533233408603 0.809604726447027 -0.247218388825569 0.0744658871844382 -0.247218388825569 1.1315749402655
1.18844442752845 -0.0901804664708798 0.077955602665637 -0.0901804664708798 0.804811271672943 -0.255907344424632 0.077955602665637 -0.255907344424632 1.13790543846001
1.19589952926282 -0.0936313813396369 0.0815047484330535 -0.0936313813396369 0.800154152345032 -0.264587321602448 0.0815047484330535 -0.264587321602448 1.14434688412102
1.20341623802063 -0.0971065957611938 0.0851138760633708 -0.0971065957611938 0.795632108823702 -0.273259630774473 0.0851138760633708 -0.273259630774473 1.15089968968429
1.21099511303764 -0.100606639602708 0.0887835451367655 -0.100606639602708 0.791243906965523 -0.281925575937273 0.0887835451367655 -0.281925575937273 1.15756428253184
1.21863671957705 -0.104132044859295 0.0925143232956911 -0.104132044859295 0.786988337835621 -0.290586454892631 0.0925143232956911 -0.290586454892631 1.1643411049981
1.22634162898804 -0.107683345728945 0.0963067863047038 -0.107683345728945 0.782864217425047 -0.299243559469835 0.0963067863047038 -0.299243559469835 1.17123061437835
1.23411041876484 -0.111261078687489 0.100161518111309 -0.111261078687489 0.778870386373045 -0.307898175746203 0.100161518111309 -0.307898175746203 1.17823328293947
1.2419436726066 -0.11486578256364 0.104079110907851 -0.11486578256364 0.775005709694184 -0.316551584265865 0.104079110907851 -0.316551584265865 1.18534959793282
1.24984198047799 -0.118497998614106 0.108060165194445 -0.118497998614106 0.771269076510271 -0.325205060256865 0.108060165194445 -0.325205060256865 1.19258006160953
1.25780593867036 -0.122158270598801 0.112105289842961 -0.122158270598801 0.767659399786991 -0.333859873846603 0.112105289842961 -0.333859873846603 1.19992519123784
1.2658361498638 -0.125847144856153 0.116215102162052 -0.125847144856153 0.764175616075234 -0.34251729027567 0.116215102162052 -0.34251729027567 1.20738551912285
1.27393322318983 -0.129565170378522 0.120390227963261 -0.129565170378522 0.760816685257015 -0.351178570110102 0.120390227963261 -0.351178570110102 1.21496159262835
1.28209777429479 -0.133312898887753 0.124631301628178 -0.133312898887753 0.757581590295962 -0.359844969452113 0.124631301628178 -0.359844969452113 1.22265397420098
1.29033042540403 -0.137090884910855 0.128938966176681 -0.137090884910855 0.754469336992311 -0.368517740149318 0.128938966176681 -0.368517740149318 1.23046324139652
1.29863180538685 -0.140899685855824 0.13331387333625 -0.140899685855824 0.751478953742329 -0.377198130002504 0.13331387333625 -0.377198130002504 1.23838998690851
1.3070025498221 -0.144739862087637 0.137756683612374 -0.144739862087637 0.748609491302149 -0.38588738297198 0.137756683612374 -0.38588738297198 1.24643481859888
1.31544330106468 -0.1486119770044 0.142268066360048 -0.1486119770044 0.74586002255593 -0.394586739382545 0.142268066360048 -0.394586739382545 1.25459835953104
1.32395470831265 -0.152516597113682 0.146848699856365 -0.152516597113682 0.743229642288311 -0.403297436127099 0.146848699856365 -0.403297436127099 1.26288124800493
1.33253742767524 -0.156454292109043 0.151499271374225 -0.156454292109043 0.7407174669611 -0.412020706868958 0.151499271374225 -0.412020706868958 1.27128413759443
1.34119212224158 -0.160425634946758 0.156220477257148 -0.160425634946758 0.738322634494143 -0.420757782242885 0.156220477257148 -0.420757782242885 1.27980769718689
1.34991946215022 -0.164431201922758 0.16101302299522 -0.164431201922758 0.736044304050333 -0.429509890054882 0.16101302299522 -0.429509890054882 1.28845261102488
1.35872012465945 -0.168471572749788 0.165877623302152 -0.168471572749788 0.733881655824703 -0.438278255480785 0.165877623302152 -0.438278255480785 1.29721957875011
1.36759479421844 -0.172547330634813 0.17081500219349 -0.172547330634813 0.731833890837563 -0.447064101263683 0.17081500219349 -0.447064101263683 1.30610931544956
1.37654416253916 -0.176659062356654 0.175825893065962 -0.176659062356654 0.729900230731614 -0.45586864791021 0.175825893065962 -0.45586864791021 1.31512255170379
1.38556892866915 -0.180807358343896 0.180911038777981 -0.180807358343896 0.728079917573023 -0.464693113885738 0.180911038777981 -0.464693113885738 1.32426003363741
1.3946697990651 -0.184992812753052 0.186071191731298 -0.184992812753052 0.726372213656389 -0.473538715808495 0.186071191731298 -0.473538715808495 1.33352252297181
1.40384748766726 -0.18921602354701 0.191307113953837 -0.18921602354701 0.72477640131356 -0.482406668642668 0.191307113953837 -0.482406668642668 1.34291079707995
