1.00540450019884 0.0483804274224756 -0.0386904247266282 0.0483804274224756 0.997452892046595 -0.0367469962384261 -0.0386904247266282 -0.0367469962384261 1.00220913356773
1.00681256333146 0.0574287373020003 -0.0460160691269896 0.0574287373020003 0.997383269695786 -0.0436928457555946 -0.0460160691269896 -0.0436928457555946 1.0029205623469
1.00835206301702 0.0665312053602855 -0.0534128557211573 0.0665312053602855 0.997439120367372 -0.05070259055141 -0.0534128557211573 -0.05070259055141 1.00372909215797
1.01002406329032 0.0756894164990024 -0.0608820719013861 0.0756894164990024 0.99762124971159 -0.0577774507220027 -0.0608820719013861 -0.0577774507220027 1.00463566033549
1.01182965181852 0.0849049723113937 -0.0684250232112411 0.0849049723113937 0.997930484774616 -0.0649186629691418 -0.0684250232112411 -0.0649186629691418 1.00564122143591
1.01376994019079 0.094179491397573 -0.0760430336241568 0.094179491397573 0.998367674239215 -0.0721274808613189 -0.0760430336241568 -0.0721274808613189 1.00674674747723
1.0158460642129 0.103514609683977 -0.0837374458261612 0.103514609683977 0.998933688669696 -0.0794051750986722 -0.0837374458261612 -0.0794051750986722 1.00795322818239
1.01805918420683 0.11291198074704 -0.0915096215028171 0.11291198074704 0.999629420761262 -0.0867530337818061 -0.0915096215028171 -0.0867530337818061 1.0092616712264
1.02041048531534 0.12237327614116 -0.0993609416304492 0.12237327614116 1.00045578559378 -0.0941723626845704 -0.0993609416304492 -0.0941723626845704 1.01067310248731
1.02290117781177 0.13190018573102 -0.10729280677172 0.13190018573102 1.00141372089008 -0.101664485530853 -0.10729280677172 -0.101664485530853 1.01218856630109
1.02553249741494 0.141494418028348 -0.115306637375618 0.141494418028348 1.00250418727875 -0.10923074427545 -0.115306637375618 -0.10923074427545 1.01380912572038
1.02830570560941 0.151157700533169 -0.123403874081929 0.151157700533169 1.00372816856162 -0.116872499389079 -0.123403874081929 -0.116872499389079 1.01553586277732
1.03122208997099 0.16089178007964 -0.131585978030252 0.16089178007964 1.00508667198591 -0.124591130147589 -0.131585978030252 -0.124591130147589 1.01736987875037
1.03428296449775 0.170698423186526 -0.139854431173639 0.170698423186526 1.00658072852109 -0.132388034925441 -0.139854431173639 -0.132388034925441 1.01931229443529
1.03748966994645 0.180579416412406 -0.148210736596905 0.180579416412406 1.00821139314063 -0.140264631493512 -0.148210736596905 -0.140264631493512 1.0213642504203
1.04084357417464 0.190536566715669 -0.156656418839712 0.190536566715669 1.00997974510855 -0.148222357321307 -0.156656418839712 -0.148222357321307 1.02352690736544
1.04434607248829 0.200571701819396 -0.165193024224468 0.200571701819396 1.01188688827096 -0.156262669883615 -0.165193024224468 -0.156262669883615 1.02580144628626
1.04799858799526 0.210686670581183 -0.173822121189133 0.210686670581183 1.01393395135263 -0.164387046971717 -0.173822121189133 -0.164387046971717 1.02818906884192
1.05180257196453 0.220883343368008 -0.182545300624993 0.220883343368008 1.01612208825864 -0.172596987009172 -0.182545300624993 -0.172596987009172 1.03069099762763
1.05575950419136 0.231163612436204 -0.191364176219487 0.231163612436204 1.01845247838116 -0.180894009372288 -0.191364176219487 -0.180894009372288 1.03330847647169
1.05987089336837 0.24152939231663 -0.200280384804156 0.24152939231663 1.02092632691148 -0.18927965471532 -0.200280384804156 -0.18927965471532 1.03604277073701
1.06413827746278 0.251982620205113 -0.209295586707798 0.251982620205113 1.02354486515738 -0.197755485300485 -0.209295586707798 -0.197755485300485 1.03889516762733
1.06856322409969 0.262525256358254 -0.218411466114892 0.262525256358254 1.0263093508658 -0.206323085332856 -0.218411466114892 -0.206323085332856 1.04186697649809
1.07314733095176 0.273159284494689 -0.227629731429397 0.273159284494689 1.02922106855102 -0.214984061300223 -0.227629731429397 -0.214984061300223 1.04495952917212
1.07789222613502 0.283886712201862 -0.236952115643971 0.283886712201862 1.03228132982838 -0.223740042317968 -0.236952115643971 -0.223740042317968 1.04817418026015
1.08279956861129 0.294709571348431 -0.246380376714733 0.294709571348431 1.03549147375356 -0.23259268047907 -0.246380376714733 -0.23259268047907 1.05151230748622
1.087871048597 0.305629918502384 -0.255916297941608 0.305629918502384 1.03885286716758 -0.24154365120928 -0.255916297941608 -0.24154365120928 1.05497531201813
1.09310838797867 0.316649835354946 -0.265561688354377 0.316649835354946 1.04236690504754 -0.250594653627564 -0.265561688354377 -0.250594653627564 1.05856461880288
1.09851334073508 0.327771429150374 -0.275318383104493 0.327771429150374 1.04603501086325 -0.259747410911893 -0.275318383104493 -0.259747410911893 1.06228167690732
1.10408769336622 0.338996833121745 -0.285188243862758 0.338996833121745 1.04985863693978 -0.269003670670456 -0.285188243862758 -0.269003670670456 1.06612795986398
1.10983326532917 0.350328206932811 -0.295173159222951 0.350328206932811 1.05383926482596 -0.278365205318373 -0.295173159222951 -0.278365205318373 1.07010496602221
1.11575190948098 0.361767737126027 -0.305275045111498 0.361767737126027 1.05797840566907 -0.287833812460011 -0.305275045111498 -0.287833812460011 1.07421421890467
1.12184551252862 0.373317637576854 -0.315495845203259 0.373317637576854 1.0622776005957 -0.297411315276957 -0.315495845203259 -0.297411315276957 1.07845726756927
1.12811599548615 0.384980149954421 -0.325837531343549 0.384980149954421 1.06673842109881 -0.307099562921764 -0.325837531343549 -0.307099562921764 1.08283568697669
1.13456531413921 0.396757544188657 -0.33630210397647 0.396757544188657 1.07136246943127 -0.316900430917538 -0.33630210397647 -0.316900430917538 1.08735107836347
1.14119545951691 0.408652118943997 -0.346891592579647 0.408652118943997 1.07615137900574 -0.326815821563466 -0.346891592579647 -0.326815821563466 1.09200506962081
1.1480084583712 0.420666202099744 -0.357608056105477 0.420666202099744 1.0811068148012 -0.336847664346349 -0.357608056105477 -0.336847664346349 1.09679931567918
1.15500637366398 0.432802151237221 -0.36845358342898 0.432802151237221 1.08623047377605 -0.346997916358285 -0.36845358342898 -0.346997916358285 1.10173549889874
1.1621913050618 0.445062354133794 -0.37943029380235 0.445062354133794 1.09152408528799 -0.357268562720522 -0.37943029380235 -0.357268562720522 1.10681532946582
1.16956538943856 0.457449229263886 -0.390540337316313 0.457449229263886 1.09698941152067 -0.367661617013639 -0.390540337316313 -0.367661617013639 1.11204054579533
1.17713080138606 0.469965226307086 -0.401785895368388 0.469965226307086 1.10262824791737 -0.378179121714116 -0.401785895368388 -0.378179121714116 1.11741291493941
1.18488975373271 0.48261282666347 -0.413169181138165 0.48261282666347 1.10844242362162 -0.388823148637394 -0.413169181138165 -0.388823148637394 1.12293423300223
1.19284449807042 0.495394543976232 -0.424692440069687 0.495394543976232 1.11443380192502 -0.399595799387525 -0.424692440069687 -0.399595799387525 1.12860632556118
1.20099732528977 0.508312924661751 -0.43635795036106 0.508312924661751 1.12060428072219 -0.410499205813522 -0.43635795036106 -0.410499205813522 1.13443104809443
1.2093505661237 0.521370548447215 -0.4481680234614 0.521370548447215 1.12695579297323 -0.421535530472492 -0.4481680234614 -0.421535530472492 1.14041028641503
1.21790659169967 0.534570028915891 -0.460125004575207 0.534570028915891 1.13349030717341 -0.432706967099662 -0.460125004575207 -0.432706967099662 1.14654595711159
1.22666781410063 0.547914014060203 -0.472231273174301 0.547914014060203 1.14020982783064 -0.444015741085412 -0.472231273174301 -0.444015741085412 1.15284000799571
1.23563668693467 0.561405186842691 -0.484489243517428 0.561405186842691 1.14711639595039 -0.455464109959409 -0.484489243517428 -0.455464109959409 1.15929441855618
1.24481570591374 0.575046265765011 -0.496901365177631 0.575046265765011 1.15421208952852 -0.467054363881933 -0.496901365177631 -0.467054363881933 1.16591120042012
1.25420740944136 0.588840005445082 -0.509470123577538 0.588840005445082 1.16149902405193 -0.478788826142558 -0.509470123577538 -0.478788826142558 1.17269239782113
