0.979955863129728 -0.00171488608266133 -0.00493777975348532 -0.00171488608266133 1.00260247205569 -0.0683152613364058 -0.00493777975348532 -0.0683152613364058 1.0224892914326
0.976321223952864 -0.00198971625646378 -0.00583256101618227 -0.00198971625646378 1.00358539325565 -0.0810379499728544 -0.00583256101618227 -0.0810379499728544 1.02717842999915
0.972700998350169 -0.00225220938352605 -0.00672395152252636 -0.00225220938352605 1.00472675395843 -0.0938203293897306 -0.00672395152252636 -0.0938203293897306 1.03204419086697
0.969095125450897 -0.00250241093833462 -0.00761210517617531 -0.00250241093833462 1.00602731321263 -0.106664605070967 -0.00761210517617531 -0.106664605070967 1.03708797568549
0.965503544766947 -0.00274036446663319 -0.0084971758367762 -0.00274036446663319 1.00748785760958 -0.119573000170266 -0.0084971758367762 -0.119573000170266 1.04231121892895
0.961926196190742 -0.00296611158584564 -0.00937931734413665 -0.00296611158584564 1.00910920150614 -0.132547755921658 -0.00937931734413665 -0.132547755921658 1.04771538823921
0.958363019993131 -0.00317969198519764 -0.0102586835424783 -0.00317969198519764 1.01089218725253 -0.145591132054361 -0.0102586835424783 -0.145591132054361 1.053301984775
0.954813956821336 -0.00338114342553659 -0.0111354283047789 -0.00338114342553659 1.01283768542537 -0.158705407212035 -0.0111354283047789 -0.158705407212035 1.0590725435676
0.951278947696911 -0.00357050173884728 -0.0120097055572051 -0.00357050173884728 1.01494659506597 -0.171892879376504 -0.0120097055572051 -0.171892879376504 1.06502863388319
0.947757934013742 -0.00374780082746354 -0.0128816693036421 -0.00374780082746354 1.01721984392395 -0.185155866296031 -0.0128816693036421 -0.185155866296031 1.0711718595917
0.944250857536073 -0.00391307266297367 -0.0137514736503218 -0.00391307266297367 1.01965838870614 -0.198496705918233 -0.0137514736503218 -0.198496705918233 1.07750385954255
0.940757660396564 -0.00406634728481906 -0.0146192728305571 -0.00406634728481906 1.022263215331 -0.211917756827715 -0.0146192728305571 -0.211917756827715 1.08402630794711
0.937278285094374 -0.00420765279858445 -0.0154852212295826 -0.00420765279858445 1.02503533918841 -0.225421398688504 -0.0154852212295826 -0.225421398688504 1.09074091476807
0.933812674493277 -0.00433701537397797 -0.0163494734095093 -0.00433701537397797 1.02797580540511 -0.239010032691385 -0.0163494734095093 -0.239010032691385 1.09764942611584
0.930360771819805 -0.00445445924250027 -0.017212184134396 -0.00445445924250027 1.03108568911558 -0.25268608200621 -0.017212184134396 -0.25268608200621 1.10475362465195
0.926922520661426 -0.00456000669480096 -0.0180735083954415 -0.00456000669480096 1.03436609573879 -0.266451992239276 -0.0180735083954415 -0.266451992239276 1.11205532999969
0.923497864964735 -0.00465367807772038 -0.0189336014363036 -0.00465367807772038 1.03781816126045 -0.280310231895869 -0.0189336014363036 -0.280310231895869 1.11955639916195
0.920086749033698 -0.00473549179101615 -0.0197926187785465 -0.00473549179101615 1.04144305252122 -0.29426329284804 -0.0197926187785465 -0.29426329284804 1.12725872694642
0.916689117527903 -0.0048054642837718 -0.0206507162472248 -0.0048054642837718 1.0452419675107 -0.308313690807745 -0.0206507162472248 -0.308313690807745 1.1351642463982
0.91330491546085 -0.00486361005048596 -0.0215080499966049 -0.00486361005048596 1.04921613566735 -0.322463965805393 -0.0215080499966049 -0.322463965805393 1.14327492923998
0.909934088198269 -0.00490994162684127 -0.0223647765360304 -0.00490994162684127 1.05336681818437 -0.336716682673944 -0.0223647765360304 -0.336716682673944 1.15159278631984
0.906576581456466 -0.00494446958514985 -0.0232210527559362 -0.00494446958514985 1.05769530832173 -0.351074431538621 -0.0232210527559362 -0.351074431538621 1.16011986806672
0.903232341300694 -0.00496720252947434 -0.0240770359540141 -0.00496720252947434 1.0622029317242 -0.365539828312341 -0.0240770359540141 -0.365539828312341 1.1688582649538
0.899901314143558 -0.00497814709042257 -0.0249328838615372 -0.00497814709042257 1.06689104674572 -0.380115515196969 -0.0249328838615372 -0.380115515196969 1.17781010796969
0.896583446743442 -0.00497730791961318 -0.0257887546698448 -0.00497730791961318 1.07176104477993 -0.394804161190487 -0.0257887546698448 -0.394804161190487 1.18697756909779
0.893278686202973 -0.00496468768381102 -0.0266448070569953 -0.00496468768381102 1.07681435059711 -0.409608462600185 -0.0266448070569953 -0.409608462600185 1.19636286180365
0.8899869799675 -0.00494028705872952 -0.0275012002145898 -0.00494028705872952 1.08205242268753 -0.424531143561965 -0.0275012002145898 -0.424531143561965 1.20596824153059
0.886708275823617 -0.00490410472249831 -0.0283580938747719 -0.00490410472249831 1.08747675361129 -0.439574956565874 -0.0283580938747719 -0.439574956565874 1.21579600620375
0.8834425218977 -0.00485613734879348 -0.0292156483374096 -0.00485613734879348 1.09308887035477 -0.454742682987965 -0.0292156483374096 -0.454742682987965 1.22584849674249
0.880189666654478 -0.00479637959962907 -0.0300740244974621 -0.00479637959962907 1.0988903346937 -0.470037133628589 -0.0300740244974621 -0.470037133628589 1.23612809758136
0.876949658895635 -0.00472482411780573 -0.0309333838725385 -0.00472482411780573 1.104882743563 -0.485461149257227 -0.0309333838725385 -0.485461149257227 1.24663723719982
0.873722447758434 -0.00464146151901594 -0.0317938886306516 -0.00464146151901594 1.11106772943342 -0.501017601163974 -0.0317938886306516 -0.501017601163974 1.25737838866066
0.870507982714372 -0.00454628038360269 -0.0326557016181734 -0.00454628038360269 1.11744696069512 -0.516709391717782 -0.0326557016181734 -0.516709391717782 1.26835407015738
0.86730621356786 -0.0044392672479683 -0.033518986387997 -0.0044392672479683 1.12402214204817 -0.532539454931575 -0.033518986387997 -0.532539454931575 1.27956684557056
0.864117090454938 -0.00432040659563179 -0.0343839072279082 -0.00432040659563179 1.13079501490022 -0.548510757034344 -0.0343839072279082 -0.548510757034344 1.29101932503337
0.860940563842005 -0.0041896808479324 -0.0352506291891755 -0.0041896808479324 1.13776735777126 -0.564626297050346 -0.0352506291891755 -0.564626297050346 1.30271416550637
0.857776584524591 -0.00404707035437432 -0.0361193181153607 -0.00404707035437432 1.14494098670567 -0.580889107385515 -0.0361193181153607 -0.580889107385515 1.31465407136169
0.854625103626147 -0.00389255338261356 -0.0369901406713562 -0.00389255338261356 1.15231775569157 -0.597302254421207 -0.0369901406713562 -0.597302254421207 1.32684179497665
0.851486072596865 -0.00372610610807979 -0.0378632643726557 -0.00372610610807979 1.15989955708771 -0.613868839115391 -0.0378632643726557 -0.613868839115391 1.33928013733715
0.848359443212525 -0.0035477026032346 -0.0387388576148619 -0.0035477026032346 1.16768832205773 -0.630591997611419 -0.0387388576148619 -0.630591997611419 1.35197194865069
0.845245167573377 -0.00335731482645888 -0.0396170897034371 -0.00335731482645888 1.17568602101222 -0.647474901854489 -0.0396170897034371 -0.647474901854489 1.36492012896935
0.842143198103036 -0.00315491261057 -0.0404981308837038 -0.00315491261057 1.18389466405832 -0.664520760215923 -0.0404981308837038 -0.664520760215923 1.37812762882284
0.839053487547419 -0.00294046365096306 -0.0413821523710984 -0.00294046365096306 1.19231630145731 -0.681732818125393 -0.0413821523710984 -0.681732818125393 1.39159744986164
0.835975988973701 -0.00271393349337445 -0.0422693263816853 -0.00271393349337445 1.20095302409002 -0.699114358711217 -0.0422693263816853 -0.699114358711217 1.40533264551045
0.832910655769299 -0.00247528552126376 -0.0431598261629365 -0.00247528552126376 1.20980696393024 -0.716668703448855 -0.0431598261629365 -0.716668703448855 1.41933632163216
0.829857441640893 -0.00222448094281111 -0.0440538260247832 -0.00222448094281111 1.21888029452634 -0.734399212817739 -0.0440538260247832 -0.734399212817739 1.43361163720231
0.826816300613462 -0.00196147877752588 -0.0449515013709442 -0.00196147877752588 1.22817523149106 -0.752309286966567 -0.0449515013709442 -0.752309286966567 1.44816180499432
0.823787187029351 -0.00168623584246423 -0.0458530287305371 -0.00168623584246423 1.23769403299963 -0.770402366387189 -0.0458530287305371 -0.770402366387189 1.4629900922756
0.820770055547377 -0.00139870673805097 -0.0467585857899796 -0.00139870673805097 1.24743900029637 -0.788681932597238 -0.0467585857899796 -0.788681932597238 1.47809982151464
0.817764861141942 -0.0010988438335028 -0.0476683514251847 -0.0010988438335028 1.25741247820978 -0.80715150883163 -0.0476683514251847 -0.80715150883163 1.49349437109932
