0.995714316994924 -0.0153577216950151 0.02437802246697 -0.0153577216950151 0.953575246893875 0.0393658686651418 0.02437802246697 0.0393658686651418 1.05571386924572
0.995019873872579 -0.017987418018973 0.0289225260112649 -0.017987418018973 0.945483101982091 0.0465895654349029 0.0289225260112649 0.0465895654349029 1.06650876750536
0.994353944198623 -0.020558933157494 0.0334896871824382 -0.020558933157494 0.937522500988762 0.0538141871934596 0.0334896871824382 0.0538141871934596 1.07748247877514
0.993716432270604 -0.0230727012013062 0.038080276900437 -0.0230727012013062 0.929692116841981 0.0610409534443075 0.038080276900437 0.0610409534443075 1.08863687204389
0.993107247168742 -0.0255291465427414 0.0426950701137291 -0.0255291465427414 0.921990644303105 0.0682710841734704 0.0426950701137291 0.0682710841734704 1.09997384696321
0.992526302741065 -0.0279286839463619 0.0473348459304205 -0.0279286839463619 0.914416799748748 0.0755058000553353 0.0473348459304205 0.0755058000553353 1.11149533417098
0.991973517589347 -0.0302717186179682 0.0520003877500881 -0.0302717186179682 0.906969320956402 0.0827463226586253 0.0520003877500881 0.0827463226586253 1.12320329562001
0.991448815055854 -0.0325586462720017 0.0566924833963493 -0.0325586462720017 0.899646966893647 0.0899938746525424 0.0566924833963493 0.0899938746525424 1.13509972491217
0.990952123210879 -0.0347898531973546 0.0614119252501916 -0.0347898531973546 0.892448517510909 0.0972496800131192 0.0614119252501916 0.0972496800131192 1.14718664763776
0.990483374841079 -0.0369657163215947 0.0661595103840827 -0.0369657163215947 0.885372773537745 0.104514964229807 0.0661595103840827 0.104514964229807 1.15946612172037
0.990042507438606 -0.0390866032736171 0.070936040696887 -0.0390866032736171 0.878418556282608 0.111790954512343 0.070936040696887 0.111790954512343 1.17194023776723
0.98962946319103 -0.0411528724447361 0.0757423230496076 -0.0411528724447361 0.871584707436065 0.119078879997928 0.0757423230496076 0.119078879997928 1.18461111942508
0.989244188972049 -0.043164873048222 0.0805791694019818 -0.043164873048222 0.864870088877427 0.126379971958749 0.0805791694019818 0.126379971958749 1.19748092374166
0.988886636332996 -0.045122945177298 0.0854473969499465 -0.045122945177298 0.858273582484779 0.133695464009882 0.0854473969499465 0.133695464009882 1.21055184153288
0.988556761495129 -0.0470274198616027 0.090347828264003 -0.0470274198616027 0.851794089948353 0.141026592317611 0.090347828264003 0.141026592317611 1.22382609775571
0.98825452534271 -0.0488786191221304 0.0952812914285013 -0.0488786191221304 0.845430532587226 0.148374595808199 0.0952812914285013 0.148374595808199 1.23730595188688
0.987979893416869 -0.0506768560246574 0.100248620181869 -0.0506768560246574 0.83918185116932 0.155740716377144 0.100248620181869 0.155740716377144 1.25099369830743
0.987732835910251 -0.0524224347316624 0.105250654057805 -0.0524224347316624 0.833047005734647 0.163126199098956 0.105250654057805 0.163126199098956 1.26489166669317
0.987513327662453 -0.0541156505527496 0.110288238527471 -0.0541156505527496 0.827024975421809 0.170532292437494 0.110288238527471 0.170532292437494 1.27900222241117
0.987321348156238 -0.0557567899935857 0.11536222514269 -0.0557567899935857 0.821114758297682 0.177960248456891 0.11536222514269 0.177960248456891 1.29332776692229
0.987156881514536 -0.0573461308033549 0.120473471680192 -0.0573461308033549 0.815315371190295 0.185411323033114 0.120473471680192 0.185411323033114 1.3078707381898
0.987019916498223 -0.0588839420207404 0.12562284228692 -0.0588839420207404 0.809625849524838 0.19288677606618 0.12562284228692 0.19288677606618 1.3226336110943
0.98691044650469 -0.0603704840184459 0.130811207626429 -0.0603704840184459 0.804045247162806 0.200387871693076 0.130811207626429 0.200387871693076 1.33761889785478
0.986828469567184 -0.0618060085462537 0.136039445026392 -0.0618060085462537 0.798572636244228 0.207915878501415 0.136039445026392 0.207915878501415 1.35282914845612
0.986773988354938 -0.0631907587726368 0.14130843862725 -0.0631907587726368 0.793207107032971 0.215472069743864 0.14130843862725 0.215472069743864 1.36826695108295
0.986747010174082 -0.0645249693249258 0.146619079532025 -0.0645249693249258 0.787947767765075 0.223057723553379 0.146619079532025 0.223057723553379 1.38393493256004
0.986747546969334 -0.0658088663280406 0.151972265957324 -0.0658088663280406 0.782793744500119 0.230674123159284 0.151972265957324 0.230674123159284 1.39983575879917
0.986775615326473 -0.0670426674417874 0.157368903385552 -0.0670426674417874 0.777744180975563 0.238322557104235 0.157368903385552 0.238322557104235 1.41597213525276
0.986831236475598 -0.0682265818967401 0.162809904718369 -0.0682265818967401 0.772798238464067 0.246004319462091 0.162809904718369 0.246004319462091 1.43234680737408
0.986914436295173 -0.0693608105286934 0.168296190431421 -0.0693608105286934 0.767955095633759 0.253720710056759 0.168296190431421 0.253720710056759 1.44896256108437
0.987025245316848 -0.0704455458117095 0.173828688730348 -0.0704455458117095 0.763213948411407 0.261473034682011 0.173828688730348 0.261473034682011 1.46582222324676
0.987163698731072 -0.0714809718897561 0.179408335708128 -0.0714809718897561 0.758574009848502 0.269262605322339 0.179408335708128 0.269262605322339 1.48292866214716
0.987329836393493 -0.0724672646069436 0.185036075503754 -0.0724672646069436 0.754034509990213 0.277090740374876 0.185036075503754 0.277090740374876 1.5002847879822
0.987523702832139 -0.0734045915363611 0.190712860462292 -0.0734045915363611 0.749594695747194 0.28495876487242 0.190712860462292 0.28495876487242 1.51789355335429
0.987745347255399 -0.0742931120075258 0.196439651296336 -0.0742931120075258 0.745253830770225 0.292868010707599 0.196439651296336 0.292868010707599 1.53575795377383
0.987994823560779 -0.0751329771324411 0.202217417248892 -0.0751329771324411 0.741011195327661 0.300819816858212 0.202217417248892 0.300819816858212 1.55388102816878
0.988272190344466 -0.0759243298302699 0.208047136257715 -0.0759243298302699 0.736866086185677 0.308815529613797 0.208047136257715 0.308815529613797 1.57226585940158
0.988577510911673 -0.0766673048506334 0.213929795121128 -0.0766673048506334 0.732817816491278 0.316856502803444 0.213929795121128 0.316856502803444 1.59091557479349
0.988910853287786 -0.0773620287955297 0.219866389665357 -0.0773620287955297 0.728865715658068 0.324944098024909 0.219866389665357 0.324944098024909 1.60983334665653
0.989272290230308 -0.0780086201398807 0.225857924913402 -0.0780086201398807 0.725009129254745 0.333079684875056 0.225857924913402 0.333079684875056 1.62902239283306
0.989661899241597 -0.0786071892507127 0.231905415255474 -0.0786071892507127 0.72124741889631 0.341264641181679 0.231905415255474 0.341264641181679 1.64848597724306
0.990079762582414 -0.0791578384049684 0.238009884621034 -0.0791578384049684 0.71757996213798 0.34950035323673 0.238009884621034 0.34950035323673 1.66822741043928
0.990525967286267 -0.0796606618059583 0.244172366652453 -0.0796606618059583 0.714006152371767 0.357788216030993 0.244172366652453 0.357788216030993 1.68825005017025
0.991000605174567 -0.0801157455984496 0.250393904880335 -0.0801157455984496 0.710525398725731 0.366129633490261 0.250393904880335 0.366129633490261 1.7085573019514
0.991503772872591 -0.0805231678824004 0.256675552900511 -0.0805231678824004 0.707137125965864 0.374526018713032 0.256675552900511 0.374526018713032 1.72915261964418
0.992035571826257 -0.0808829987253336 0.263018374552771 -0.0808829987253336 0.703840774400617 0.382978794209784 0.263018374552771 0.382978794209784 1.7500395060435
0.992596108319712 -0.0811953001733634 0.269423444101314 -0.0811953001733634 0.700635799788025 0.391489392143853 0.269423444101314 0.391489392143853 1.77122151347338
0.993185493493743 -0.0814601262608625 0.275891846417002 -0.0814601262608625 0.697521673245438 0.400059254573974 0.275891846417002 0.400059254573974 1.79270224439115
0.993803843365004 -0.0816775230187854 0.282424677161399 -0.0816775230187854 0.694497881161831 0.408689833698504 0.282424677161399 0.408689833698504 1.81448535199999
0.994451278846069 -0.0818475284816394 0.289023042972658 -0.0818475284816394 0.69156392511268 0.417382592101388 0.289023042972658 0.417382592101388 1.83657454087025
