0.962836096205812 0.0204769747185403 -0.00234311650436739 0.0204769747185403 1.0596731253867 0.0463520047770801 -0.00234311650436739 0.0463520047770801 0.982553401130704
0.956208296862325 0.0242732178411834 -0.00265613027187794 0.0242732178411834 1.07128659572062 0.0550660092160513 -0.00265613027187794 0.0550660092160513 0.979615028720078
0.949641012018455 0.0280819921325716 -0.00293287550622674 0.0280819921325716 1.08310947763219 0.0638458922942053 -0.00293287550622674 0.0638458922942053 0.97675980421542
0.943133848532189 0.0319039596964742 -0.00317340098510054 0.0319039596964742 1.09514457326935 0.0726931796092572 -0.00317340098510054 0.0726931796092572 0.973987979578491
0.936686418500348 0.0357397877234493 -0.0033777495705264 0.0357397877234493 1.10739472952279 0.0816094147385176 -0.0033777495705264 0.0816094147385176 0.971299818729129
0.930298339238101 0.0395901486135304 -0.00354595818895258 0.0395901486135304 1.11986283866637 0.0905961595503909 -0.00354595818895258 0.0905961595503909 0.968695597652409
0.923969233259064 0.0434557201002942 -0.00367805781036035 0.0434557201002942 1.13255183900737 0.0996549945201305 -0.00367805781036035 0.0996549945201305 0.966175604508042
0.917698728255991 0.0473371853763378 -0.00377407342639829 0.0473371853763378 1.14546471554669 0.108787519049906 -0.00377407342639829 0.108787519049906 0.963740139742044
0.911486457082065 0.0512352332201807 -0.00383402402752623 0.0512352332201807 1.15860450064915 0.117995351793258 -0.00383402402752623 0.117995351793258 0.961389516200692
0.905332057732771 0.0551505581246303 -0.00385792257916485 0.0551505581246303 1.17197427472399 0.127280130984005 -0.00385792257916485 0.127280130984005 0.959124059246808
0.899235173328374 0.0590838604266242 -0.00384577599684073 0.0590838604266242 1.18557716691584 0.136643514769677 -0.00384577599684073 0.136643514769677 0.956944106878388
0.893195452096982 0.0630358464385867 -0.00379758512031952 0.0630358464385867 1.1994163558062 0.14608718154954 -0.00379758512031952 0.14608718154954 0.954850009849609
0.88721254735821 0.0670072285813148 -0.00371334468671417 0.0670072285813148 1.2134950701256 0.155612830317293 -0.00371334468671417 0.155612830317293 0.952842131794258
0.881286117507447 0.0709987255184334 -0.00359304330256608 0.0709987255184334 1.2278165894767 0.165222181008503 -0.00359304330256608 0.165222181008503 0.950920849351592
0.875415826000705 0.0750110622924329 -0.00343666341488164 0.0750110622924329 1.24238424506829 0.174916974852851 -0.00343666341488164 0.174916974852851 0.949086552294665
0.869601341340084 0.0790449704623299 -0.00324418128112237 0.0790449704623299 1.25720142046062 0.184698974731273 -0.00324418128112237 0.184698974731273 0.947339643661168
0.863842337059828 0.0831011882429712 -0.00301556693813421 0.0831011882429712 1.27227155232194 0.194569965538068 -0.00301556693813421 0.194569965538068 0.945680539886804
0.858138491712987 0.0871804606460105 -0.00275078417000629 0.0871804606460105 1.28759813119667 0.204531754548042 -0.00275078417000629 0.204531754548042 0.944109670941218
0.852489488858675 0.0912835396225891 -0.00244979047485246 0.0912835396225891 1.30318470228518 0.21458617178878 -0.00244979047485246 0.21458617178878 0.94262748046654
0.846895017049952 0.0954111842077491 -0.00211253703050063 0.0954111842077491 1.31903486623542 0.224735070418121 -0.00211253703050063 0.224735070418121 0.941234425918555
0.841354769822291 0.099564160666607 -0.00173896865908439 0.099564160666607 1.3351522799467 0.234980327106913 -0.00173896865908439 0.234980327106913 0.939930978710547
0.835868445682661 0.103743242642317 -0.00132902379051898 0.103743242642317 1.35154065738551 0.245323842427129 -0.00132902379051898 0.245323842427129 0.938717624359832
0.830435748099236 0.107949211305863 -0.000882634424861785 0.107949211305863 1.36820377041385 0.255767541245444 -0.000882634424861785 0.255767541245444 0.937594862637055
0.825056385491689 0.112182855507694 -0.000399726093533413 0.112182855507694 1.38514544963012 0.266313373122325 -0.000399726093533413 0.266313373122325 0.936563207718227
0.819730071222124 0.11644497193125 0.000119782180600853 0.11644497193125 1.4023695852227 0.276963312716761 0.000119782180600853 0.276963312716761 0.935623188339603
0.814456523586614 0.120736365248403 0.000675977924310664 0.120736365248403 1.41988012783656 0.287719360196678 0.000675977924310664 0.287719360196678 0.934775347955385
0.809235465807359 0.125057848276846 0.00126895525624365 0.125057848276846 1.43768108945295 0.298583541655164 0.00126895525624365 0.298583541655164 0.934020244898323
0.804066626025469 0.129410242139458 0.00189881493035045 0.129410242139458 1.45577654428245 0.309557909532564 0.00189881493035045 0.309557909532564 0.933358452543234
0.798949737294366 0.133794376425689 0.00256566438050328 0.133794376425689 1.47417062967154 0.320644543044556 0.00256566438050328 0.320644543044556 0.932790559473482
0.793884537573819 0.138211089354988 0.00326961776631737 0.138211089354988 1.49286754702293 0.331845548616293 0.00326961776631737 0.331845548616293 0.932317169650457
0.788870769724602 0.142661227942316 0.00401079602019029 0.142661227942316 1.51187156272973 0.343163060322699 0.00401079602019029 0.343163060322699 0.931938902586105
0.783908181503787 0.14714564816577 0.00478932689557325 0.14714564816577 1.53118700912388 0.354599240335023 0.00478932689557325 0.354599240335023 0.931656393518528
0.778996525560674 0.151665215136359 0.00560534501648551 0.151665215136359 1.55081828543887 0.366156279373744 0.00560534501648551 0.366156279373744 0.931470293590715
0.774135559433354 0.156220803269967 0.00645899192828367 0.156220803269967 1.57076985878694 0.377836397167921 0.00645899192828367 0.377836397167921 0.931381270032434
0.769325045545914 0.160813296461539 0.00735041614970783 0.160813296461539 1.59104626515123 0.389641842921092 0.00735041614970783 0.389641842921092 0.93139000634533
0.764564751206294 0.16544358826152 0.00827977322620698 0.16544358826152 1.61165211039278 0.40157489578382 0.00827977322620698 0.40157489578382 0.931497202491289
0.759854448604777 0.170112582054599 0.00924722578456523 0.170112582054599 1.63259207127277 0.413637865332987 0.00924722578456523 0.413637865332987 0.931703575084073
0.755193914813146 0.174821191240771 0.0102529435888461 0.174821191240771 1.65387089649026 0.425833092057949 0.0102529435888461 0.425833092057949 0.932009857584317
0.750582931784482 0.179570339418786 0.0112971035976572 0.179570339418786 1.67549340773554 0.438162947853633 0.0112971035976572 0.438162947853633 0.932416800497897
0.746021286353625 0.184360960571993 0.012379890022767 0.184360960571993 1.6974645007594 0.450629836520715 0.012379890022767 0.450629836520715 0.932925171577737
0.741508770238304 0.189193999256644 0.0135014943890744 0.189193999256644 1.71978914645855 0.463236194272962 0.0135014943890744 0.463236194272962 0.9335357560291
0.737045180040919 0.194070410792675 0.0146621155959562 0.194070410792675 1.74247239197737 0.475984490251859 0.0146621155959562 0.475984490251859 0.934249356718382
0.732630317251 0.198991161457026 0.0158619599800033 0.198991161457026 1.76551936182636 0.488877227048627 0.0158619599800033 0.488877227048627 0.935066794385514
0.728263988248346 0.203957228679519 0.0171012413791641 0.203957228679519 1.78893525901736 0.501916941233752 0.0171012413791641 0.501916941233752 0.93598890785996
0.723946004306825 0.208969601241355 0.0183801811983108 0.208969601241355 1.81272536621596 0.515106203894131 0.0183801811983108 0.515106203894131 0.9370165542804
0.719676181598875 0.214029279476257 0.0196990084762436 0.214029279476257 1.83689504691122 0.528447621177959 0.0196990084762436 0.528447621177959 0.938150609318141
0.715454341200675 0.219137275474311 0.0210579599541553 0.219137275474311 1.86144974660306 0.541943834847468 0.0210579599541553 0.541943834847468 0.939391967404295
0.711280309098025 0.224294613288545 0.0224572801455653 0.224294613288545 1.88639499400754 0.555597522839647 0.0224572801455653 0.555597522839647 0.940741541960792
0.7071539161929 0.229502329144286 0.0238972214077489 0.229502329144286 1.91173640228022 0.569411399835047 0.0238972214077489 0.569411399835047 0.94220026563527
0.703074998310725 0.234761471651343 0.0253780440146734 0.234761471651343 1.93747967025802 0.583388217834825 0.0253780440146734 0.583388217834825 0.943769090539904
