1.00180657689677 0.0131435845359858 -0.0222510595677396 0.0131435845359858 0.953434474635774 0.044655446568743 -0.0222510595677396 0.044655446568743 1.0497513085328
1.00221160641924 0.015383942420993 -0.0263955736851594 0.015383942420993 0.945359960867825 0.0528345786599783 -0.0263955736851594 0.0528345786599783 1.05942180915507
1.00263921567523 0.017571330929654 -0.0305596792996644 0.017571330929654 0.937430161933053 0.0610100219367265 -0.0305596792996644 0.0610100219367265 1.0692612284288
1.00308935604832 0.0197061170504272 -0.0347440753910316 0.0197061170504272 0.929643626821342 0.0691831485932943 -0.0347440753910316 0.0691831485932943 1.07927109788328
1.00356198266981 0.0217886586383781 -0.0389494638588714 0.0217886586383781 0.921998929635168 0.0773553294485873 -0.0389494638588714 0.0773553294485873 1.08945297660422
1.00405705440848 0.0238193044818582 -0.0431765496385393 0.0238193044818582 0.914494669331901 0.0855279341775401 -0.0431765496385393 0.0855279341775401 1.09980845147611
1.0045745338609 0.0257983943676103 -0.0474260408174751 0.0257983943676103 0.907129469470479 0.0937023315421883 -0.0474260408174751 0.0937023315421883 1.11033913742912
1.00511438734242 0.0277262591443163 -0.0516986487519875 0.0277262591443163 0.89990197796239 0.101879889622419 -0.0516986487519875 0.101879889622419 1.12104667769045
1.00567658487884 0.0296032207845951 -0.0559950881845066 0.0296032207845951 0.892810866826929 0.110061976046443 -0.0559950881845066 0.110061976046443 1.13193274404036
1.00626110019861 0.0314295924454633 -0.0603160773613201 0.0314295924454633 0.885854831950688 0.118249958221029 -0.0603160773613201 0.118249958221029 1.14299903707273
1.00686791072573 0.0332056785272745 -0.0646623381508139 0.0332056785272745 0.879032592851222 0.126445203561528 -0.0646623381508139 0.126445203561528 1.15424728646031
1.00749699757326 0.0349317747311391 -0.0690345961622398 0.0349317747311391 0.872342892444865 0.134649079721746 -0.0690345961622398 0.134649079721746 1.16567925122473
1.00814834553742 0.0366081681148438 -0.0734335808650229 0.0366081681148438 0.865784496818638 0.142862954823677 -0.0734335808650229 0.142862954823677 1.17729672001109
1.00882194309238 0.0382351371472789 -0.0778600257086358 0.0382351371472789 0.859356195006223 0.151088197687166 -0.0778600257086358 0.151088197687166 1.18910151136756
1.00951778238564 0.0398129517613786 -0.0823146682430542 0.0398129517613786 0.853056798767949 0.159326178059512 -0.0823146682430542 0.159326178059512 1.20109547402955
1.01023585923396 0.0413418734055929 -0.0867982502398174 0.0413418734055929 0.846885142374759 0.167578266845074 -0.0867982502398174 0.167578266845074 1.213280487209
1.01097617312006 0.042822155093893 -0.0913115178137088 0.042822155093893 0.840840082396118 0.175845836334895 -0.0913115178137088 0.175845836334895 1.2256584608884
1.01173872718979 0.0442540414543264 -0.0958552215450835 0.0442540414543264 0.834920497491813 0.184130260436405 -0.0958552215450835 0.184130260436405 1.23823133611986
1.01252352825002 0.0456377687761221 -0.100430116602855 0.0456377687761221 0.829125288207627 0.192432914903225 -0.100430116602855 0.192432914903225 1.25100108532918
1.01333058676711 0.0469735650553672 -0.105036962868167 0.0469735650553672 0.823453376774831 0.200755177565122 -0.105036962868167 0.200755177565122 1.26396971262494
1.01415991686595 0.0482616500392513 -0.109676525058772 0.0482616500392513 0.817903706913466 0.209098428558139 -0.109676525058772 0.209098428558139 1.27713925411278
1.0150115363297 0.0495022352688928 -0.114349572854125 0.0495022352688928 0.812475243639381 0.217464050554961 -0.114349572854125 0.217464050554961 1.29051177821469
1.01588546660012 0.0506955241207591 -0.119056881021233 0.0506955241207591 0.807166973074988 0.225853428995532 -0.119056881021233 0.225853428995532 1.30408938599368
1.01678173277846 0.0518417118466798 -0.123799229541261 0.0518417118466798 0.801977902263695 0.234267952317978 -0.123799229541261 0.234267952317978 1.31787421148355
1.01770036362702 0.0529409856124689 -0.128577403736929 0.0529409856124689 0.796907058988003 0.242709012189862 -0.128577403736929 0.242709012189862 1.33186842202406
1.01864139157133 0.0539935245351578 -0.133392194400713 0.0539935245351578 0.791953491591202 0.251178003739828 -0.133392194400713 0.251178003739828 1.34607421860144
1.01960485270288 0.0549994997188483 -0.138244397923872 0.0549994997188483 0.787116268802667 0.259676325789647 -0.138244397923872 0.259676325789647 1.36049383619426
1.02059078678258 0.0559590742891967 -0.143134816426332 0.0559590742891967 0.782394479566695 0.268205381086727 -0.143134816426332 0.268205381086727 1.37512954412485
1.02159923724466 0.0568724034265268 -0.148064257887429 0.0568724034265268 0.777787232874863 0.276766576537115 -0.148064257887429 0.276766576537115 1.38998364641621
1.02263025120139 0.0577396343975866 -0.153033536277551 0.0577396343975866 0.773293657601892 0.285361323439029 -0.153033536277551 0.285361323439029 1.40505848215444
1.02368387944825 0.0585609065859508 -0.158043471690692 0.0585609065859508 0.768912902344947 0.293991037716962 -0.158043471690692 0.293991037716962 1.42035642585691
1.02476017646978 0.0593363515210772 -0.163094890477937 0.0593363515210772 0.764644135266388 0.302657140156398 -0.163094890477937 0.302657140156398 1.43587988784602
1.02585920044609 0.0600660929060217 -0.168188625381908 0.0600660929060217 0.760486543939906 0.311361056639172 -0.168188625381908 0.311361056639172 1.45163131462879
1.02698101325988 0.0607502466438155 -0.173325515672182 0.0607502466438155 0.756439335200049 0.320104218379527 -0.173325515672182 0.320104218379527 1.46761318928221
1.02812568050416 0.061388920862517 -0.178506407281717 0.061388920862517 0.752501734995081 0.328888062160888 -0.178506407281717 0.328888062160888 1.48382803184452
1.02929327149059 0.0619822159389332 -0.183732152944293 0.0619822159389332 0.748672988243164 0.337714030573411 -0.183732152944293 0.337714030573411 1.50027839971233
1.03048385925839 0.0625302245210243 -0.189003612333006 0.0625302245210243 0.744952358691835 0.346583572252335 -0.189003612333006 0.346583572252335 1.51696688804382
1.03169752058388 0.0630330315489941 -0.194321652199821 0.0630330315489941 0.741339128780742 0.355498142117177 -0.194321652199821 0.355498142117177 1.53389613016798
1.0329343359907 0.0634907142750653 -0.199687146516217 0.0634907142750653 0.737832599507623 0.364459201611815 -0.199687146516217 0.364459201611815 1.55106879799995
1.03419438976057 0.0639033422819511 -0.205100976614955 0.0639033422819511 0.734432090297512 0.373468218945501 -0.205100976614955 0.373468218945501 1.56848760246255
1.03547776994472 0.0642709775000252 -0.210564031332966 0.0642709775000252 0.731136938875113 0.382526669334825 -0.210564031332966 0.382526669334825 1.58615529391411
1.03678456837596 0.0645936742231903 -0.216077207155408 0.0645936742231903 0.727946501140365 0.391636035246697 -0.216077207155408 0.391636035246697 1.60407466258259
1.03811488068134 0.064871479123453 -0.221641408360906 0.064871479123453 0.72486015104714 0.40079780664237 -0.221641408360906 0.40079780664237 1.62224853900605
1.03946880629542 0.0651044312642074 -0.227257547167994 0.0651044312642074 0.721877280485064 0.410013481222541 -0.227257547167994 0.410013481222541 1.64067979447968
1.04084644847429 0.0652925621122294 -0.232926543882788 0.0652925621122294 0.718997299164434 0.419284564673591 -0.232926543882788 0.419284564673591 1.65937134150928
1.04224791431005 0.0654358955483839 -0.238649327047917 0.0654358955483839 0.716219634504227 0.428612570914979 -0.238649327047917 0.428612570914979 1.67832613427135
1.04367331474606 0.0655344478770526 -0.244426833592725 0.0655344478770526 0.713543731523148 0.437999022347849 -0.244426833592725 0.437999022347849 1.69754716907994
1.04512276459275 0.0655882278342782 -0.250260008984781 0.0655882278342782 0.710969052733729 0.447445450104884 -0.250260008984781 0.447445450104884 1.7170374848601
1.04659638254412 0.0655972365946311 -0.25614980738271 0.0655972365946311 0.708495078039439 0.456953394301449 -0.25614980738271 0.456953394301449 1.73680016362831
1.04809429119487 0.0655614677768027 -0.262097191790388 0.0655614677768027 0.706121304634787 0.466524404288059 -0.262097191790388 0.466524404288059 1.75683833097971
