1.01103100557335 -0.00403230208522544 0.0697282269913503 -0.00403230208522544 1.00328959544247 -0.0019625007549415 0.0697282269913503 -0.0019625007549415 0.990673922769892
1.01359904682749 -0.00479347165104841 0.0825389512207759 -0.00479347165104841 1.00389712892917 -0.00235192539563317 0.0825389512207759 -0.00235192539563317 0.989500789651623
1.01633603776376 -0.00556133129181536 0.0953561079507748 -0.00556133129181536 1.00450571415503 -0.00275049767174237 0.0953561079507748 -0.00275049767174237 0.988494387548726
1.01924234501125 -0.00633601004682705 0.108181850876121 -0.00633601004682705 1.00511535973347 -0.00315828457635046 0.108181850876121 -0.00315828457635046 0.98765445407904
1.02231836349544 -0.00711763803341801 0.121018333939192 -0.00711763803341801 1.00572607439975 -0.00357535461912352 0.121018333939192 -0.00357535461912352 0.986980755027139
1.02556451648891 -0.0079063464682569 0.13386771169239 -0.0079063464682569 1.00633786701229 -0.00400177783700292 0.13386771169239 -0.00400177783700292 0.986473084289242
1.02898125566688 -0.00870226768882828 0.146732139660476 -0.00870226768882828 1.00695074655413 -0.00443762580514579 0.146732139660476 -0.00443762580514579 0.986131263822885
1.03256906116739 -0.0095055351750819 0.159613774702857 -0.0095055351750819 1.00756472213429 -0.00488297164812043 0.159613774702857 -0.00488297164812043 0.985955143601358
1.03632844165632 -0.0103162835712699 0.172514775375897 -0.0103162835712699 1.00817980298923 -0.00533789005135384 0.172514775375897 -0.00533789005135384 0.985944601572859
1.04025993439714 -0.0111346487079623 0.185437302295319 -0.0111346487079623 1.00879599848431 -0.00580245727283735 0.185437302295319 -0.00580245727283735 0.986099543624411
1.04436410532546 -0.0119607676242532 0.198383518498741 -0.0119607676242532 1.00941331811522 -0.00627675115509048 0.198383518498741 -0.00627675115509048 0.986419903550465
1.04864154912831 -0.0127947785901572 0.211355589808431 -0.0127947785901572 1.01003177150956 -0.00676085113738312 0.211355589808431 -0.00676085113738312 0.986905643026259
1.05309288932831 -0.0136368211292006 0.224355685194318 -0.0136368211292006 1.01065136842827 -0.00725483826822191 0.224355685194318 -0.00725483826822191 0.987556751585846
1.05771877837254 -0.01448703604121 0.237385977137339 -0.01448703604121 1.01127211876723 -0.00775879521809901 0.237385977137339 -0.00775879521809901 0.988373246604848
1.06251989772631 -0.0153455654253047 0.250448641993167 -0.0153455654253047 1.0118940325588 -0.00827280629250758 0.250448641993167 -0.00827280629250758 0.989355173287905
1.0674969579717 -0.0162125527030947 0.263545860356399 -0.0162125527030947 1.01251711997341 -0.0087969574452249 0.263545860356399 -0.0087969574452249 0.990502604660797
1.07265069891102 -0.0170881426420862 0.276679817425241 -0.0170881426420862 1.01314139132114 -0.00933133629186539 0.276679817425241 -0.00933133629186539 0.991815641567276
1.07798188967508 -0.0179724813793046 0.289852703366785 -0.0179724813793046 1.01376685705339 -0.00987603212370659 0.289852703366785 -0.00987603212370659 0.993294412670573
1.08349132883632 -0.0188657164451319 0.303066713682899 -0.0188657164451319 1.01439352776451 -0.0104311359217884 0.303066713682899 -0.0104311359217884 0.994939074459576
1.08917984452688 -0.019767996787365 0.31632404957682 -0.019767996787365 1.01502141419347 -0.01099674037129 0.31632404957682 -0.01099674037129 0.996749811259706
1.09504829456156 -0.020679472795502 0.329626918320511 -0.020679472795502 1.01565052722558 -0.0115729398761848 0.329626918320511 -0.0115729398761848 0.998726835248466
1.1010975665657 -0.0216002963252556 0.34297753362282 -0.0216002963252556 1.01628087789418 -0.012159830574177 0.34297753362282 -0.012159830574177 1.00087038647567
1.10732857810801 -0.0225306207233001 0.356378115998527 -0.0225306207233001 1.0169124773824 -0.0127575103519216 0.356378115998527 -0.0127575103519216 1.00318073288833
1.11374227683839 -0.0234706008522547 0.369830893138333 -0.0234706008522547 1.01754533702494 -0.0133660788605303 0.369830893138333 -0.0133660788605303 1.00565817036028
1.12033964063071 -0.0244203931159112 0.383338100279841 -0.0244203931159112 1.01817946830987 -0.0139856375313658 0.383338100279841 -0.0139856375313658 1.00830302272644
1.12712167773057 -0.0253801554847033 0.396901980579617 -0.0253801554847033 1.01881488288042 -0.0146162895921267 0.396901980579617 -0.0146162895921267 1.01111564182174
1.13408942690818 -0.0263500475214273 0.410524785486357 -0.0263500475214273 1.01945159253683 -0.0152581400832264 0.410524785486357 -0.0152581400832264 1.01409640752485
1.14124395761621 -0.0273302304072161 0.424208775115265 -0.0273302304072161 1.02008960923826 -0.0159112958744679 0.424208775115265 -0.0159112958744679 1.01724572780643
1.14858637015274 -0.0283208669677717 0.437956218623659 -0.0283208669677717 1.02072894510463 -0.0165758656820167 0.437956218623659 -0.0165758656820167 1.02056403878229
1.15611779582934 -0.0293221216998608 0.451769394587908 -0.0293221216998608 1.02136961241858 -0.0172519600856753 0.451769394587908 -0.0172519600856753 1.02405180477106
1.16383939714422 -0.0303341607980736 0.465650591381735 -0.0303341607980736 1.0220116236274 -0.0179396915464624 0.465650591381735 -0.0179396915464624 1.0277095183567
1.17175236796061 -0.0313571521818561 0.479602107555962 -0.0313571521818561 1.02265499134501 -0.0186391744244982 0.479602107555962 -0.0186391744244982 1.03153770045571
1.17985793369025 -0.03239126552282 0.493626252219757 -0.03239126552282 1.02329972835397 -0.0193505249971999 0.493626252219757 -0.0193505249971999 1.03553690038904
1.18815735148209 -0.0334366722723254 0.507725345423446 -0.0334366722723254 1.02394584760748 -0.0200738614777898 0.507725345423446 -0.0200738614777898 1.03970769595876
1.19665191041631 -0.0344935456893542 0.521901718542952 -0.0344935456893542 1.02459336223147 -0.0208093040341177 0.521901718542952 -0.0208093040341177 1.04405069352951
1.20534293170353 -0.0355620608686714 0.53615771466593 -0.0355620608686714 1.02524228552666 -0.0215569748078049 0.53615771466593 -0.0215569748078049 1.04856652811463
1.21423176888931 -0.0366423947692752 0.550495688979655 -0.0366423947692752 1.0258926309707 -0.0223169979337062 0.550495688979655 -0.0223169979337062 1.05325586346718
1.22331980806404 -0.0377347262431517 0.564918009160737 -0.0377347262431517 1.02654441222026 -0.0230894995596987 0.564918009160737 -0.0230894995596987 1.05811939217564
1.23260846807813 -0.0388392360643248 0.579427055766711 -0.0388392360643248 1.02719764311326 -0.023874607866798 0.579427055766711 -0.023874607866798 1.06315783576447
1.24209920076267 -0.0399561069582216 0.59402522262959 -0.0399561069582216 1.02785233767104 -0.0246724530896061 0.59402522262959 -0.0246724530896061 1.0683719447995
1.2517934911554 -0.0410855236313438 0.608714917251423 -0.0410855236313438 1.02850851010057 -0.0254831675370918 0.608714917251423 -0.0254831675370918 1.07376249899806
1.26169285773228 -0.0422276728012578 0.623498561201945 -0.0422276728012578 1.02916617479674 -0.0263068856137105 0.623498561201945 -0.0263068856137105 1.07933030734409
1.27179885264447 -0.043382743226907 0.638378590518355 -0.043382743226907 1.02982534634466 -0.0271437438408641 0.638378590518355 -0.0271437438408641 1.08507620820797
1.28211306196086 -0.0445509257392526 0.653357456107336 -0.0445509257392526 1.03048603952191 -0.0279938808787057 0.653357456107336 -0.0279938808787057 1.09100106947135
1.29263710591622 -0.0457324132722428 0.668437624149323 -0.0457324132722428 1.03114826930098 -0.028857437548292 0.668437624149323 -0.028857437548292 1.09710578865679
1.30337263916488 -0.0469274008941186 0.683621576505141 -0.0469274008941186 1.0318120508516 -0.0297345568540863 0.683621576505141 -0.0297345568540863 1.1033912930624
1.31432135104017 -0.0481360858390674 0.698911811125043 -0.0481360858390674 1.03247739954315 -0.0306253840068194 0.698911811125043 -0.0306253840068194 1.10985853990131
1.32548496581944 -0.0493586675392162 0.714310842460235 -0.0493586675392162 1.03314433094714 -0.0315300664467048 0.714310842460235 -0.0315300664467048 1.11650851644621
1.3368652429949 -0.0505953476569817 0.729821201876947 -0.0505953476569817 1.03381286083966 -0.0324487538670195 0.729821201876947 -0.0324487538670195 1.1233422401788
1.34846397755023 -0.0518463301177734 0.745445438073121 -0.0518463301177734 1.03448300520391 -0.0333815982380509 0.745445438073121 -0.0333815982380509 1.13036075894425
