1.05739345749475 0.00476673547550585 0.0377817117993087 0.00476673547550585 1.00799084602116 -0.00182694857964495 0.0377817117993087 -0.00182694857964495 0.939598487540842
1.06844317130727 0.00566791645125705 0.0447023792968065 0.00566791645125705 1.00946828774978 -0.00213227906347624 0.0447023792968065 -0.00213227906347624 0.92906604525851
1.0796544864867 0.00657743124886352 0.051620082076288 0.00657743124886352 1.01094877054164 -0.00242835854114446 0.051620082076288 -0.00242835854114446 0.918702877534503
1.09102903749054 0.00749543182390176 0.0585359755200859 0.00749543182390176 1.01243230269451 -0.00271523641097294 0.0585359755200859 -0.00271523641097294 0.908507015485778
1.10256848361229 0.00842207134496532 0.0654512130522612 0.00842207134496532 1.01391889266635 -0.00299296044947725 0.0654512130522612 -0.00299296044947725 0.898476520907501
1.11427450922219 0.00935750421745377 0.0723669463334602 0.00935750421745377 1.01540854907599 -0.00326157682161741 0.0723669463334602 -0.00326157682161741 0.88860948590635
1.12614882401165 0.0103018861075373 0.079284325455198 0.0103018861075373 1.01690128070388 -0.00352113009076735 0.079284325455198 -0.00352113009076735 0.878904032539394
1.13819316324172 0.0112553739662915 0.0862044991336019 0.0112553739662915 1.0183970964928 -0.00377166322840327 0.0862044991336019 -0.00377166322840327 0.869358312458481
1.15040928799532 0.0122181260540191 0.0931286149026497 0.0122181260540191 1.01989600554867 -0.0040132176235134 0.0931286149026497 -0.0040132176235134 0.859970506560049
1.16279898543344 0.013190301964746 0.100057819306932 0.013190301964746 1.02139801714129 -0.00424583309172999 0.100057819306932 -0.00424583309172999 0.850738824640327
1.17536406905539 0.0141720626509127 0.106993258093975 0.0141720626509127 1.02290314070526 -0.00446954788418646 0.106993258093975 -0.00446954788418646 0.84166150505583
1.18810637896296 0.015163570448248 0.113936076406156 0.015163570448248 1.02441138584072 -0.00468439869610206 0.113936076406156 -0.00468439869610206 0.832736814389097
1.20102778212869 0.0161649891008468 0.120887418972238 0.0161649891008468 1.02592276231431 -0.00489042067509391 0.120887418972238 -0.00489042067509391 0.823963047119615
1.21413017266821 0.0171764837864393 0.127848430298568 0.0171764837864393 1.02743728006002 -0.0050876474292203 0.127848430298568 -0.0050876474292203 0.815338525299851
1.22741547211674 0.0181982211418652 0.13482025485996 0.0181982211418652 1.02895494918012 -0.00527611103475586 0.13482025485996 -0.00527611103475586 0.806861598236341
1.24088562970969 0.0192303692887541 0.141804037290297 0.0192303692887541 1.03047577994616 -0.00545584204370027 0.141804037290297 -0.00545584204370027 0.798530642175784
1.25454262266755 0.0202730978594182 0.148800922572895 0.0202730978594182 1.03199978279987 -0.00562686949102236 0.148800922572895 -0.00562686949102236 0.790344059996055
1.268388456485 0.0213265780229565 0.155812056230638 0.0213265780229565 1.03352696835425 -0.00578922090164168 0.155812056230638 -0.00578922090164168 0.782300280902112
1.28242516522427 0.0223909825115787 0.162838584515949 0.0223909825115787 1.03505734739451 -0.00594292229714815 0.162838584515949 -0.00594292229714815 0.774397760126706
1.29665481181292 0.0234664856471519 0.169881654600592 0.0234664856471519 1.03659093087922 -0.00608799820226181 0.169881654600592 -0.00608799820226181 0.766634978635867
1.31107948834591 0.0245532633679756 0.176942414765365 0.0245532633679756 1.03812772994132 -0.00622447165103393 0.176942414765365 -0.00622447165103393 0.759010442839094
1.32570131639218 0.0256514932557827 0.184022014589706 0.0256514932557827 1.03966775588927 -0.00635236419279162 0.184022014589706 -0.00635236419279162 0.751522684304188
1.34052244730563 0.0267613545629823 0.191121605141241 0.0267613545629823 1.04121102020818 -0.00647169589782528 0.191121605141241 -0.00647169589782528 0.744170259476696
1.35554506254064 0.0278830282401346 0.198242339165305 0.0278830282401346 1.04275753456096 -0.00658248536282343 0.198242339165305 -0.00658248536282343 0.736951749403889
1.37077137397219 0.0290166969636745 0.205385371274477 0.0290166969636745 1.04430731078955 -0.00668474971605293 0.205385371274477 -0.00668474971605293 0.729865759463237
1.38620362422046 0.0301625451638798 0.212551858138152 0.0301625451638798 1.04586036091608 -0.00677850462228762 0.212551858138152 -0.00677850462228762 0.722910919095323
1.40184408698027 0.0313207590530954 0.219742958672179 0.0313207590530954 1.04741669714417 -0.00686376428748653 0.219742958672179 -0.00686376428748653 0.716085881541146
1.41769506735506 0.0324915266542045 0.226959834228611 0.0324915266542045 1.04897633186018 -0.00694054146322196 0.226959834228611 -0.00694054146322196 0.709389323583766
1.43375890219568 0.0336750378293756 0.234203648785579 0.0336750378293756 1.05053927763453 -0.00700884745085932 0.234203648785579 -0.00700884745085932 0.702819945294235
1.45003796044402 0.0348714843090569 0.241475569137336 0.0348714843090569 1.052105547223 -0.00706869210548958 0.241475569137336 -0.00706869210548958 0.69637646978177
1.46653464348143 0.0360810597212582 0.248776765084497 0.0360810597212582 1.05367515356812 -0.00712008383961444 0.248776765084497 -0.00712008383961444 0.690057642948128
1.48325138548208 0.0373039596210901 0.256108409624508 0.0373039596210901 1.05524810980053 -0.00716302962658725 0.256108409624508 -0.00716302962658725 0.683862233246117
1.50019065377124 0.0385403815205937 0.263471679142367 0.0385403815205937 1.05682442924042 -0.00719753500380817 0.263471679142367 -0.00719753500380817 0.677789031442211
1.51735494918858 0.0397905249188509 0.270867753601649 0.0397905249188509 1.05840412539897 -0.00722360407567625 0.270867753601649 -0.00722360407567625 0.671836850383232
1.5347468064566 0.0410545913323729 0.278297816735843 0.0410545913323729 1.05998721197982 -0.00724123951629863 0.278297816735843 -0.00724123951629863 0.666004524767023
1.55236879455402 0.0423327843257994 0.285763056240041 0.0423327843257994 1.06157370288054 -0.00725044257195731 0.285763056240041 -0.00725044257195731 0.660290910917103
1.57022351709449 0.0436253095428776 0.293264663963023 0.0436253095428776 1.06316361219424 -0.00725121306333485 0.293264663963023 -0.00725121306333485 0.654694886561244
1.58831361271043 0.0449323747377523 0.300803836099743 0.0449323747377523 1.06475695421106 -0.00724354938749941 0.300803836099743 -0.00724354938749941 0.649215350613921
1.6066417554422 0.0462541898065579 0.308381773384279 0.0462541898065579 1.06635374341978 -0.0072274485196502 0.308381773384279 -0.0072274485196502 0.643851222962611
1.6252106551326 0.0475909668193281 0.31599968128325 0.0475909668193281 1.06795399450946 -0.00720290601462258 0.31599968128325 -0.00720290601462258 0.638601444257884
1.64402305782672 0.0489429200522149 0.323658770189746 0.0489429200522149 1.0695577223711 -0.00716991600815615 0.323658770189746 -0.00716991600815615 0.633464975707258
1.66308174617731 0.0503102660200321 0.331360255617806 0.0503102660200321 1.07116494209927 -0.00712847121792304 0.331360255617806 -0.00712847121792304 0.628440798872764
1.68238953985563 0.0516932235091261 0.339105358397467 0.0516932235091261 1.07277566899388 -0.00707856294431931 0.339105358397467 -0.00707856294431931 0.6235279154722
1.7019492959679 0.0530920136105715 0.346895304870414 0.0530920136105715 1.07438991856189 -0.00702018107101983 0.346895304870414 -0.00702018107101983 0.618725347184018
1.7217639094773 0.0545068597537161 0.354731327086272 0.0545068597537161 1.07600770651912 -0.00695331406529494 0.354731327086272 -0.00695331406529494 0.614032135455815
1.74183631363182 0.0559379877400509 0.362614662999568 0.0559379877400509 1.077629048792 -0.00687794897809222 0.362614662999568 -0.00687794897809222 0.609447341316399
1.76216948039774 0.0573856257774393 0.370546556667391 0.0573856257774393 1.07925396151947 -0.00679407144388108 0.370546556667391 -0.00679407144388108 0.604970045191373
1.78276642089897 0.0588500045146913 0.378528258447786 0.0588500045146913 1.08088246105482 -0.00670166568026278 0.378528258447786 -0.00670166568026278 0.600599346722218
1.80363018586233 0.0603313570764967 0.386561025198911 0.0603313570764967 1.0825145639676 -0.00660071448734418 0.386561025198911 -0.00660071448734418 0.596334364588838
1.82476386606873 0.0618299190987186 0.394646120478996 0.0618299190987186 1.08415028704554 -0.00649119924687703 0.394646120478996 -0.00649119924687703 0.592174236335523
