1.03103487664717 -0.0316000704467085 0.0463572519287021 -0.0316000704467085 0.96534043839474 0.0261845889183441 0.0463572519287021 0.0261845889183441 1.00860608792722
1.03717835825474 -0.0372552398029072 0.0549747895952752 -0.0372552398029072 0.959294130448025 0.0307569403391234 0.0549747895952752 0.0307569403391234 1.01050271319039
1.04346123823728 -0.0428665614235354 0.0636278398787877 -0.0428665614235354 0.953343857623111 0.0352576535415469 0.0636278398787877 0.0352576535415469 1.01249748885291
1.04988430988587 -0.0484349715748883 0.0723178472014976 -0.0484349715748883 0.94748837121738 0.0396874792592158 0.0723178472014976 0.0396874792592158 1.01459049226274
1.05644838851185 -0.0539613978528035 0.081046259998106 -0.0539613978528035 0.941726440029238 0.044047155124331 0.081046259998106 0.044047155124331 1.01678181681349
1.06315431154834 -0.0594467593500032 0.0898145309504262 -0.0594467593500032 0.936056850126307 0.048337405810184 0.0898145309504262 0.048337405810184 1.01907157193499
1.07000293865525 -0.0648919668217715 0.0986241172224038 -0.0648919668217715 0.93047840461684 0.0525589431712748 0.0986241172224038 0.0525589431712748 1.02145988308654
1.07699515182783 -0.0702979228499816 0.107476480695512 -0.0702979228499816 0.92498992342433 0.0567124663810847 0.107476480695512 0.0567124663810847 1.02394689175284
1.08413185550883 -0.0756655220055187 0.116373088204577 -0.0756655220055187 0.91959024306525 0.0607986620675278 0.116373088204577 0.0607986620675278 1.02653275544261
1.0914139767041 -0.0809956510091172 0.125315411774057 -0.0809956510091172 0.91427821642989 0.0648182044461082 0.125315411774057 0.0648182044461082 1.02921764768981
1.09884246510186 -0.0862891888906523 0.134304928854824 -0.0862891888906523 0.909052712566271 0.0687717554508133 0.134304928854824 0.0687717554508133 1.0320017580576
1.1064182931955 -0.0915470071468974 0.143343122561481 -0.0915470071468974 0.903912616467048 0.0726599648627571 0.143343122561481 0.0726599648627571 1.03488529214492
1.11414245641002 -0.0967699698977964 0.152431481910259 -0.0967699698977964 0.898856828859413 0.0764834704366132 0.152431481910259 0.0764834704366132 1.0378684715957
1.12201597323205 -0.101958934041266 0.161571502057526 -0.101958934041266 0.893884265997925 0.0802428980248501 0.161571502057526 0.0802428980248501 1.04095153411077
1.13003988534352 -0.107114749406555 0.170764684538944 -0.107114749406555 0.888993859460245 0.0839388616997952 0.170764684538944 0.0839388616997952 1.04413473346241
1.13821525775899 -0.112238258906203 0.180012537509333 -0.112238258906203 0.88418455594572 0.0875719638735577 0.180012537509333 0.0875719638735577 1.0474183395115
1.14654317896661 -0.117330298686599 0.189316575983249 -0.117330298686599 0.879455317076808 0.091142795415825 0.189316575983249 0.091142795415825 1.05080263822737
1.15502476107281 -0.122391698277206 0.198678322076345 -0.122391698277206 0.874805119203269 0.0946519357695613 0.198678322076345 0.0946519357695613 1.05428793171029
1.16366113995064 -0.127423280738433 0.208099305247533 -0.127423280738433 0.870232953209117 0.0980999530646272 0.208099305247533 0.0980999530646272 1.05787453821656
1.17245347539192 -0.132425862808221 0.217581062541997 -0.132425862808221 0.865737824322281 0.101487404229346 0.217581062541997 0.101487404229346 1.06156279218632
1.18140295126297 -0.137400255047343 0.227125138835091 -0.137400255047343 0.861318751926937 0.104814835100035 0.227125138835091 0.104814835100035 1.06535304427396
1.19051077566432 -0.14234726198346 0.236733087077168 -0.14234726198346 0.856974769378487 0.108082780528522 0.236733087077168 0.108082780528522 1.06924566138114
1.19977818109397 -0.147267682253946 0.246406468539366 -0.147267682253946 0.852704923821148 0.111291764487679 0.246406468539366 0.111291764487679 1.07324102669254
1.20920642461464 -0.152162308747519 0.256146853060405 -0.152162308747519 0.848508276008099 0.114442300174973 0.256146853060405 0.114442300174973 1.07733953971424
1.21879678802477 -0.157031928744697 0.26595581929443 -0.157031928744697 0.844383900124178 0.117534890114078 0.26595581929443 0.117534890114078 1.08154161631469
1.2285505780333 -0.161877324057105 0.275834954959925 -0.161877324057105 0.840330883611078 0.120570026254547 0.275834954959925 0.120570026254547 1.0858476887684
1.23846912643846 -0.166699271165659 0.285785857089771 -0.166699271165659 0.836348326995021 0.123548190069581 0.285785857089771 0.123548190069581 1.09025820580227
1.24855379031035 -0.171498541357648 0.295810132282445 -0.171498541357648 0.832435343716859 0.126469852651899 0.295810132282445 0.126469852651899 1.09477363264461
1.25880595217747 -0.176275900862753 0.30590939695444 -0.176275900862753 0.828591059964599 0.129335474807738 0.30590939695444 0.129335474807738 1.09939445107673
1.26922702021721 -0.181032110987997 0.316085277593918 -0.181032110987997 0.824814614508286 0.132145507149005 0.316085277593918 0.132145507149005 1.10412115948736
1.27981842845027 -0.185767928251686 0.326339411015649 -0.185767928251686 0.821105158537243 0.134900390183576 0.326339411015649 0.134900390183576 1.10895427292956
1.29058163693911 -0.190484104516342 0.336673444617279 -0.190484104516342 0.817461855499623 0.137600554403796 0.336673444617279 0.137600554403796 1.11389432318049
1.30151813199042 -0.195181387120655 0.347089036636952 -0.195181387120655 0.813883880944242 0.140246420373164 0.347089036636952 0.140246420373164 1.11894185880372
1.3126294263616 -0.199860519010478 0.357587856412345 -0.199860519010478 0.810370422364662 0.142838398811241 0.357587856412345 0.142838398811241 1.12409744521434
1.32391705947139 -0.204522238868903 0.368171584641151 -0.204522238868903 0.806920679045511 0.145376890676787 0.368171584641151 0.145376890676787 1.12936166474671
1.33538259761452 -0.20916728124541 0.378841913643041 -0.20916728124541 0.803533861910985 0.147862287249153 0.378841913643041 0.147862287249153 1.13473511672493
1.34702763418056 -0.213796376684143 0.389600547623159 -0.213796376684143 0.800209193375525 0.150294970207931 0.389600547623159 0.150294970207931 1.14021841753602
1.35885378987694 -0.21841025185132 0.400449202937189 -0.21841025185132 0.796945907196632 0.152675311710892 0.400449202937189 0.152675311710892 1.14581220070586
1.37086271295608 -0.223009629661795 0.411389608358026 -0.223009629661795 0.793743248329792 0.155003674470224 0.411389608358026 0.155003674470224 1.1515171169778
1.38305607944687 -0.227595229404819 0.422423505344115 -0.227595229404819 0.790600472785481 0.157280411827066 0.422423505344115 0.157280411827066 1.15733383439405
1.39543559339031 -0.232167766868979 0.433552648309463 -0.232167766868979 0.787516847488236 0.159505867824396 0.433552648309463 0.159505867824396 1.16326303837984
1.40800298707949 -0.236727954466387 0.444778804895407 -0.236727954466387 0.784491650137746 0.161680377278236 0.444778804895407 0.161680377278236 1.16930543183025
1.4207600213039 -0.241276501356103 0.456103756244159 -0.241276501356103 0.781524169071956 0.163804265847228 0.456103756244159 0.163804265847228 1.17546173519992
1.43370848559808 -0.245814113566828 0.467529297274167 -0.245814113566828 0.778613703132142 0.165877850100578 0.467529297274167 0.165877850100578 1.18173268659547
1.44685019849463 -0.250341494118895 0.479057236957343 -0.250341494118895 0.77575956152994 0.167901437584381 0.479057236957343 0.167901437584381 1.1881190418707
1.46018700778177 -0.254859343145564 0.49068939859821 -0.254859343145564 0.772961063716311 0.169875326886349 0.49068939859821 0.169875326886349 1.1946215747247
1.4737207907652 -0.259368358013655 0.502427620114988 -0.259368358013655 0.770217539252395 0.171799807698945 0.502427620114988 0.171799807698945 1.20124107680258
1.4874534545346 -0.263869233443533 0.514273754322683 -0.263869233443533 0.767528327682254 0.173675160880948 0.514273754322683 0.173675160880948 1.20797835779926
1.50138693623459 -0.268362661628467 0.526229669218215 -0.268362661628467 0.764892778407465 0.175501658517446 0.526229669218215 0.175501658517446 1.21483424556588
1.51552320334031 -0.272849332353393 0.538297248267633 -0.272849332353393 0.762310250563545 0.177279563978287 0.538297248267633 0.177279563978287 1.22180958621925
