1.03929552049355 -0.00834761299682812 -0.00423878286891476 -0.00834761299682812 1.04299266148252 0.00690721379821077 -0.00423878286891476 0.00690721379821077 0.922650179398914
1.04668842930306 -0.00995744245768954 -0.00500546659221062 -0.00995744245768954 1.05110038269966 0.00815295761111668 -0.00500546659221062 0.00815295761111668 0.909114996787513
1.0541368034651 -0.0115916908083152 -0.00576878228024778 -0.0115916908083152 1.05927495035119 0.00939209846059355 -0.00576878228024778 0.00939209846059355 0.895780757869067
1.06164107021175 -0.0132506252118965 -0.00652885443821938 -0.0132506252118965 1.0675169103957 0.0106248384426447 -0.00652885443821938 0.0106248384426447 0.882644501021577
1.06920166030151 -0.0149345156959323 -0.00728580642292674 -0.0149345156959323 1.07582681368023 0.0118513775979344 -0.00728580642292674 0.0118513775979344 0.869703308466719
1.0768190080477 -0.0166436351781852 -0.00803976046609928 -0.0166436351781852 1.08420521597978 0.0130719139505053 -0.00803976046609928 0.0130719139505053 0.856954305622537
1.08449355134701 -0.0183782594929101 -0.00879083769742751 -0.0183782594929101 1.09265267803717 0.0142866435459976 -0.00879083769742751 0.0142866435459976 0.844394660465707
1.09222573170846 -0.0201386674173584 -0.0095391581673141 -0.0201386674173584 1.10116976560338 0.0154957604893801 -0.0095391581673141 0.0154957604893801 0.832021582903229
1.10001599428252 -0.0219251406985589 -0.0102848408693479 -0.0219251406985589 1.10975704947821 0.0166994569821992 -0.0102848408693479 0.0166994569821992 0.819832324153419
1.10786478789054 -0.0237379640803801 -0.0110280037625051 -0.0237379640803801 1.11841510555141 0.0178979233593543 -0.0110280037625051 0.0178979233593543 0.807824176136047
1.11577256505442 -0.0255774253308731 -0.0117687637930822 -0.0255774253308731 1.12714451484415 0.0190913481254079 -0.0117687637930822 0.0190913481254079 0.795994470871501
1.12373978202656 -0.0274438152698996 -0.0125072369163663 -0.0274438152698996 1.13594586355095 0.0202799179904367 -0.0125072369163663 0.0202799179904367 0.784340579888831
1.13176689882008 -0.0293374277970452 -0.0132435381180451 -0.0293374277970452 1.144819743082 0.0214638179054327 -0.0132435381180451 0.0214638179054327 0.772859913642555
1.13985437923934 -0.0312585599198214 -0.0139777814353631 -0.0312585599198214 1.15376675010591 0.0226432310972603 -0.0139777814353631 0.0226432310972603 0.761549920938084
1.14800269091068 -0.0332075117821619 -0.0147100799780268 -0.0332075117821619 1.16278748659285 0.0238183391031775 -0.0147100799780268 0.0238183391031775 0.750408088365653
1.15621230531346 -0.0351845866932061 -0.0154405459488645 -0.0351845866932061 1.17188255985813 0.0249893218049278 -0.0154405459488645 0.0249893218049278 0.739431939742609
1.16448369781141 -0.0371900911563844 -0.0161692906642435 -0.0371900911563844 1.18105258260623 0.026156357462411 -0.0161692906642435 0.026156357462411 0.72861903556397
1.17281734768423 -0.039224334898798 -0.01689642457425 -0.039224334898798 1.19029817297519 0.0273196227469379 -0.01689642457425 0.0273196227469379 0.717966972461091
1.18121373815948 -0.0412876309009004 -0.017622057282635 -0.0412876309009004 1.19961995458151 0.0284792927740781 -0.017622057282635 0.0284792927740781 0.70747338266835
1.18967335644472 -0.0433802954264823 -0.0183462975665308 -0.0433802954264823 1.20901855656541 0.0296355411361056 -0.0183462975665308 0.0296355411361056 0.697135933497718
1.19819669376005 -0.0455026480529598 -0.0190692533959423 -0.0455026480529598 1.21849461363657 0.0307885399340505 -0.0190692533959423 0.0307885399340505 0.686952326821097
1.20678424537079 -0.0476550117019766 -0.0197910319530151 -0.0476550117019766 1.22804876612035 0.0319384598093624 -0.0197910319530151 0.0319384598093624 0.676920298560324
1.21543651062058 -0.0498377126703069 -0.0205117396510882 -0.0498377126703069 1.23768166000434 0.0330854699751921 -0.0205117396510882 0.0330854699751921 0.667037618184714
1.2241539929647 -0.0520510806610806 -0.0212314821535301 -0.0520510806610806 1.24739394698546 0.034229738247299 -0.0212314821535301 0.034229738247299 0.657302088216035
1.2329372000037 -0.0542954488153197 -0.0219503643923666 -0.0542954488153197 1.25718628451746 0.0353714310745884 -0.0219503643923666 0.0353714310745884 0.647711543740809
1.24178664351738 -0.0565711537437925 -0.0226684905867015 -0.0565711537437925 1.26705933585892 0.0365107135692881 -0.0226684905867015 0.0365107135692881 0.638263851929828
1.250702839499 -0.0588785355591927 -0.023385964260934 -0.0588785355591927 1.27701377012165 0.037647749536767 -0.023385964260934 0.037647749536767 0.628956911564777
1.25968630818985 -0.0612179379086362 -0.0241028882627775 -0.0612179379086362 1.28705026231956 0.0387827015050045 -0.0241028882627775 0.0387827015050045 0.619788652571853
1.26873757411408 -0.0635897080064906 -0.0248193647810831 -0.0635897080064906 1.29716949341809 0.0399157307537154 -0.0248193647810831 0.0399157307537154 0.610757035562303
1.2778571661139 -0.0659941966675279 -0.02553549536347 -0.0659941966675279 1.30737215038394 0.0410469973431359 -0.02553549536347 0.0410469973431359 0.601860051379742
1.28704561738504 -0.0684317583404132 -0.0262513809337681 -0.0684317583404132 1.31765892623542 0.0421766601424774 -0.0262513809337681 0.0421766601424774 0.593095720654173
1.29630346551256 -0.0709027511415263 -0.0269671218092757 -0.0709027511415263 1.32803052009322 0.0433048768580546 -0.0269671218092757 0.0433048768580546 0.58446209336261
1.30563125250693 -0.0734075368891211 -0.0276828177178342 -0.0734075368891211 1.33848763723165 0.04443180406109 -0.0276828177178342 0.04443180406109 0.575957248396201
1.31502952484052 -0.0759464811378256 -0.0283985678147262 -0.0759464811378256 1.34903098913036 0.0455575972152057 -0.0283985678147262 0.0455575972152057 0.567579293133752
1.32449883348427 -0.0785199532134838 -0.0291144706993969 -0.0785199532134838 1.3596612935266 0.0466824107036031 -0.0291144706993969 0.0466824107036031 0.559326363021565
1.33403973394488 -0.0811283262483429 -0.0298306244320047 -0.0811283262483429 1.37037927446791 0.047806397855939 -0.0298306244320047 0.047806397855939 0.551196621159496
1.34365278630212 -0.0837719772165963 -0.0305471265498027 -0.0837719772165963 1.38118566236531 0.0489297109749026 -0.0305471265498027 0.0489297109749026 0.54318825789313
1.35333855524664 -0.086451286970268 -0.0312640740833551 -0.086451286970268 1.39208119404707 0.050052501362498 -0.0312640740833551 0.050052501362498 0.535299490412002
1.363097610118 -0.0891666402754608 -0.0319815635725913 -0.0891666402754608 1.40306661281285 0.0511749193460393 -0.0319815635725913 0.0511749193460393 0.527528562353754
1.37293052494312 -0.091918425848957 -0.0326996910827002 -0.091918425848957 1.41414266848847 0.0522971143038602 -0.0326996910827002 0.0522971143038602 0.519873743414158
1.382837878475 -0.0947070363951854 -0.03341855221987 -0.0947070363951854 1.42531011748112 0.0534192346907475 -0.03341855221987 0.0534192346907475 0.512333328962907
1.39282025423182 -0.0975328686435465 -0.0341382421468728 -0.0975328686435465 1.43656972283512 0.0545414280631 -0.0341382421468728 0.0545414280631 0.504905639665091
1.40287824053641 -0.100396323386109 -0.0348588555985008 -0.100396323386109 1.44792225428815 0.0556638411038186 -0.0348588555985008 0.0556638411038186 0.497589021108279
1.41301243055597 -0.103297805515679 -0.0355804868968545 -0.103297805515679 1.45936848832811 0.0567866196469348 -0.0355804868968545 0.0567866196469348 0.490381843435118
1.42322342234229 -0.106237724064233 -0.036303229966487 -0.106237724064233 1.47090920825037 0.0579099087019777 -0.036303229966487 0.0579099087019777 0.483282500981375
1.43351181887216 -0.109216492241744 -0.0370271783494069 -0.109216492241744 1.48254520421566 0.0590338524780906 -0.0370271783494069 0.0590338524780906 0.476289411919329
1.44387822808827 -0.11223452747537 -0.0377524252199425 -0.11223452747537 1.49427727330844 0.0601585944078949 -0.0377524252199425 0.0601585944078949 0.469401017906447
1.45432326294042 -0.115292251449039 -0.0384790633994705 -0.115292251449039 1.50610621959583 0.0612842771711124 -0.0384790633994705 0.0612842771711124 0.462615783739264
1.46484754142704 -0.118390090143419 -0.0392071853710119 -0.118390090143419 1.51803285418714 0.0624110427179459 -0.0392071853710119 0.0624110427179459 0.45593219701238
1.47545168663719 -0.121528473876265 -0.0399368832936966 -0.121528473876265 1.53005799529379 0.0635390322922247 -0.0399368832936966 0.0635390322922247 0.449348767782507
