0.987255272157273 0.0156448780856707 0.00276867525991151 0.0156448780856707 1.07750756287842 -0.00181281473119977 0.00276867525991151 -0.00181281473119977 0.94027570135468
0.984959225199416 0.0186255925745055 0.00325191662020045 0.0186255925745055 1.09240935357286 -0.00214430534483668 0.00325191662020045 -0.00214430534483668 0.929701390445009
0.982677228636916 0.0216408128684701 0.00372751775703355 0.0216408128684701 1.10752508118476 -0.00247547884061017 0.00372751775703355 -0.00247547884061017 0.919246386231732
0.980409341799513 0.0246910566727471 0.00419556047165123 0.0246910566727471 1.12285779217758 -0.00280639212463238 0.00419556047165123 -0.00280639212463238 0.908909342606536
0.97815562536971 0.027776848969845 0.00465612550338347 0.027776848969845 1.13841057649076 -0.00313710220861113 0.00465612550338347 -0.00313710220861113 0.89868892866443
0.975916141399401 0.0308987221240872 0.0051092925398744 0.0308987221240872 1.15418656815962 -0.00346766621936245 0.0051092925398744 -0.00346766621936245 0.888583828532203
0.97369095332674 0.034057215987587 0.00555514022716521 0.034057215987587 1.17018894594412 -0.00379814140836767 0.00555514022716521 -0.00379814140836767 0.878592741198836
0.971480125993295 0.0372528780077225 0.00599374617963768 0.0372528780077225 1.18642093396659 -0.00412858516137803 0.00599374617963768 -0.00412858516137803 0.868714380347821
0.969283725661448 0.0404862633361449 0.0064251869898184 0.0404862633361449 1.20288580235847 -0.00445905500806713 0.0064251869898184 -0.00445905500806713 0.858947474191375
0.967101820032073 0.0437579349393313 0.0068495382380458 0.0437579349393313 1.21958686791641 -0.00478960863173417 0.0068495382380458 -0.00478960863173417 0.849290765306531
0.964934478262489 0.0470684637107059 0.0072668745020007 0.0470684637107059 1.23652749476764 -0.00512030387905882 0.0072668745020007 -0.00512030387905882 0.839743010473077
0.962781770984685 0.0504184285843615 0.00767726936610178 0.0504184285843615 1.25371109504487 -0.00545119876990987 0.00767726936610178 -0.00545119876990987 0.83030298051333
0.960643770323826 0.0538084166503902 0.00808079543076666 0.0538084166503902 1.27114112957077 -0.0057823515072091 0.00808079543076666 -0.0057823515072091 0.820969460133717
0.958520549917044 0.057239023271856 0.00847752432154011 0.057239023271856 1.2888211085523 -0.00611382048685245 0.00847752432154011 -0.00611382048685245 0.811741247768146
0.956412184932521 0.06071085220343 0.00886752669809071 0.06071085220343 1.30675459228485 -0.00644566430768996 0.00886752669809071 -0.00644566430768996 0.802617155423154
0.954318752088852 0.0642245157117115 0.009250872263076 0.0642245157117115 1.32494519186648 -0.00677794178156631 0.009250872263076 -0.00677794178156631 0.793596008524793
0.952240329674721 0.0677806346972578 0.00962762977087892 0.0677806346972578 1.34339656992237 -0.00711071194342401 0.00962762977087892 -0.00711071194342401 0.784676645767255
0.95017699756886 0.0713798388183523 0.00999786703621434 0.0713798388183523 1.36211244133953 -0.00744403406147056 0.00999786703621434 -0.00744403406147056 0.775857918963208
0.948128837260319 0.0750227666165306 0.0103616509426088 0.0750227666165306 1.38109657401204 -0.00777796764741184 0.0103616509426088 -0.00777796764741184 0.767138692895816
0.946095931869054 0.0787100656438881 0.0107190474507535 0.0787100656438881 1.40035278959694 -0.0081125724667534 0.0107190474507535 -0.0081125724667534 0.75851784517244
0.944078366166804 0.0824423925922042 0.0110701216067311 0.0824423925922042 1.41988496428085 -0.0084479085491714 0.0110701216067311 -0.0084479085491714 0.749994266079985
0.942076226598315 0.0862204134238982 0.0114149375501186 0.0862204134238982 1.43969702955756 -0.00878403619895522 0.0114149375501186 -0.00878403619895522 0.741566858441888
0.940089601302847 0.0900448035048484 0.0117535585219655 0.0900448035048484 1.45979297301672 -0.00912101600552346 0.0117535585219655 -0.00912101600552346 0.733234537476718
0.938118580136048 0.0939162477391004 0.0120860468726502 0.0939162477391004 1.48017683914372 -0.0094589088540156 0.0120860468726502 -0.0094589088540156 0.724996230658377
0.936163254692124 0.0978354407054934 0.0124124640696138 0.0978354407054934 1.5008527301311 -0.00979777593596064 0.0124124640696138 -0.00979777593596064 0.716850877577881
0.934223718326361 0.101803086796225 0.0127328707049728 0.101803086796225 1.52182480670139 -0.0101376787600251 0.0127328707049728 -0.0101376787600251 0.708797429806699
0.93230006617798 0.105819900357394 0.0130473265030127 0.105819900357394 1.54309728894178 -0.0104786791628425 0.0130473265030127 -0.0104786791628425 0.700834850761645
0.930392395193339 0.109886605831539 0.0133558903275614 0.109886605831539 1.56467445715071 -0.0108208393199253 0.0133558903275614 -0.0108208393199253 0.692962115571288
0.928500804149476 0.1140039379022 0.0136586201892445 0.1140039379022 1.58656065269644 -0.0111642217566631 0.0136586201892445 -0.0111642217566631 0.685178210943877
0.926625393678016 0.118172641640547 0.0139555732526229 0.118172641640547 1.60876027888797 -0.0115088893594067 0.0139555732526229 -0.0115088893594067 0.677482135036765
0.924766266289424 0.122393472654089 0.0142468058432145 0.122393472654089 1.63127780185832 -0.0118549053866427 0.0142468058432145 -0.0118549053866427 0.669872897327294
0.922923526397631 0.126667197237497 0.014532373454399 0.126667197237497 1.65411775146046 -0.012202333480258 0.014532373454399 -0.012202333480258 0.662349518485154
0.921097280345019 0.130994592525581 0.014812330754208 0.130994592525581 1.67728472217594 -0.0125512376768991 0.014812330754208 -0.0125512376768991 0.654911030246179
0.919287636427785 0.135376446648433 0.0150867315920007 0.135376446648433 1.70078337403657 -0.0129016824194252 0.0150867315920007 -0.0129016824194252 0.647556475287572
0.917494704921685 0.139813558888789 0.0153556290050263 0.139813558888789 1.72461843355922 -0.0132537325684605 0.0153556290050263 -0.0132537325684605 0.640284907104535
0.91571859810815 0.144306739841628 0.015619075224873 0.144306739841628 1.74879469469389 -0.0136074534140446 0.015619075224873 -0.0136074534140446 0.633095389888304
0.913959430300804 0.148856811576033 0.0158771216838054 0.148856811576033 1.77331701978542 -0.0139629106873862 0.0158771216838054 -0.0139629106873862 0.625986998405555
0.912217317872368 0.153464607799374 0.0161298190209897 0.153464607799374 1.79819034054879 -0.0143201705727191 0.0161298190209897 -0.0143201705727191 0.618958817879176
0.910492379281964 0.158130974023805 0.0163772170886096 0.158130974023805 1.82341965905846 -0.0146792997192664 0.0163772170886096 -0.0146792997192664 0.612009943870389
0.90878473510283 0.162856767735159 0.0166193649578704 0.162856767735159 1.84901004875172 -0.0150403652533113 0.0166193649578704 -0.0150403652533113 0.605139482162204
0.907094508050432 0.167642858564221 0.0168563109248948 0.167642858564221 1.87496665544639 -0.0154034347903796 0.0168563109248948 -0.0154034347903796 0.598346548644191
0.905421823011013 0.172490128460455 0.0170881025165099 0.172490128460455 1.90129469837306 -0.0157685764475351 0.0170881025165099 -0.0157685764475351 0.591630269198553
0.903766807070542 0.177399471868204 0.0173147864959254 0.177399471868204 1.92799947122202 -0.0161358588557899 0.0173147864959254 -0.0161358588557899 0.584989779587496
0.902129589544106 0.182371795905388 0.0175364088683052 0.182371795905388 1.95508634320512 -0.0165053511726322 0.0175364088683052 -0.0165053511726322 0.578424225341858
0.900510302005734 0.187408020544759 0.0177530148862312 0.187408020544759 1.98256076013283 -0.0168771230946748 0.0177530148862312 -0.0168771230946748 0.571932761651016
0.898909078318648 0.192509078797732 0.0179646490550612 0.192509078797732 2.01042824550656 -0.0172512448704246 0.0179646490550612 -0.0172512448704246 0.565514553254021
0.897326054665984 0.19767591690083 0.0181713551381814 0.19767591690083 2.03869440162672 -0.0176277873131783 0.0181713551381814 -0.0176277873131783 0.559168774331982
0.89576136958194 0.202909494504792 0.0183731761621527 0.202909494504792 2.06736491071639 -0.0180068218140438 0.0183731761621527 -0.0180068218140438 0.552894608401649
0.894215163983399 0.208210784866365 0.0185701544217532 0.208210784866365 2.09644553606119 -0.0183884203550921 0.0185701544217532 -0.0183884203550921 0.546691248210215
0.892687581202013 0.213580775042837 0.0187623314849159 0.213580775042837 2.12594212316531 -0.0187726555226411 0.0187623314849159 -0.0187726555226411 0.540557895631303
