0.978872153995858 -0.0108430803188941 0.000967748732475967 -0.0108430803188941 0.945151165077018 -0.00372486802380883 0.000967748732475967 -0.00372486802380883 1.08102115824096
0.975053563102161 -0.0127439402878385 0.00115603614953318 -0.0127439402878385 0.935423696489053 -0.00442019651241795 0.00115603614953318 -0.00442019651241795 1.09660256385493
0.971253895531835 -0.0146174650514234 0.00134767226987231 -0.0146174650514234 0.92580097600021 -0.00511928496255306 0.00134767226987231 -0.00511928496255306 1.11240901769006
0.967473021414122 -0.0164639778243265 0.00154269007650275 -0.0164639778243265 0.916281869153806 -0.00582225380280868 0.00154269007650275 -0.00582225380280868 1.12844376605844
0.963710812057866 -0.0182837982416016 0.00174112322439212 -0.0182837982416016 0.906865253944626 -0.00652922448448648 0.00174112322439212 -0.00652922448448648 1.14471010214226
0.959967139939644 -0.0200772423984942 0.00194300604792802 -0.0200772423984942 0.897550020683778 -0.00724031950415167 0.00194300604792802 -0.00724031950415167 1.1612113666701
0.956241878692031 -0.0218446228898233 0.00214837356851226 -0.0218446228898233 0.888335071865048 -0.00795566242642973 0.00214837356851226 -0.00795566242642973 1.17795094860294
0.95253490309197 -0.0235862488489425 0.00235726150228921 -0.0235862488489425 0.879219322032719 -0.00867537790704809 0.00235726150228921 -0.00867537790704809 1.19493228583008
0.948846089049302 -0.0253024259862797 0.00256970626800986 -0.0253024259862797 0.870201697650856 -0.00939959171612674 0.00256970626800986 -0.00939959171612674 1.21215886587513
0.945175313595394 -0.0269934566274586 0.00278574499503337 -0.0269934566274586 0.861281136974038 -0.0101284307617228 0.00278574499503337 -0.0101284307617228 1.2296342266121
0.941522454871905 -0.02865963975101 0.00300541553146779 -0.02865963975101 0.852456589919503 -0.0108620231136334 0.00300541553146779 -0.0108620231136334 1.24736195699201
0.937887392119671 -0.0303012710256774 0.0032287564524518 -0.0303012710256774 0.843727017940729 -0.0116004980274611 0.0032287564524518 -0.0116004980274611 1.26534569777976
0.934270005667714 -0.0319186428473196 0.00345580706857889 -0.0319186428473196 0.835091393902391 -0.0123439859689476 0.00345580706857889 -0.0123439859689476 1.28358914230185
0.930670176922372 -0.0335120443754147 0.00368660743446642 -0.0335120443754147 0.826548701956717 -0.0130926186385792 0.00368660743446642 -0.0130926186385792 1.3020960372047
0.927087788356537 -0.0350817615691731 0.00392119835747073 -0.0350817615691731 0.818097937421193 -0.0138465289964695 0.00392119835747073 -0.0138465289964695 1.32087018322412
0.923522723499035 -0.0366280772232604 0.00415962140655051 -0.0366280772232604 0.809738106657645 -0.0146058512875239 0.00415962140655051 -0.0146058512875239 1.33991543596569
0.919974866924094 -0.0381512710031343 0.00440191892128047 -0.0381512710031343 0.801468226952635 -0.015370721066892 0.00440191892128047 -0.015370721066892 1.35923570669652
0.916444104240947 -0.0396516194800051 0.00464813402101674 -0.0396516194800051 0.793287326399199 -0.0161412752257101 0.00464813402101674 -0.0161412752257101 1.37883496314845
0.912930322083543 -0.0411293961654163 0.00489831061421645 -0.0411293961654163 0.785194443779884 -0.0169176520171422 0.00489831061421645 -0.0169176520171422 1.39871723033275
0.909433408100375 -0.0425848715454571 0.0051524934079132 -0.0425848715454571 0.777188628451086 -0.0176999910827223 0.0051524934079132 -0.0176999910827223 1.41888659136667
0.90595325094441 -0.0440183131146043 0.00541072791735047 -0.0440183131146043 0.769268940228665 -0.0184884334790035 0.00541072791735047 -0.0184884334790035 1.43934718831191
0.902489740263139 -0.0454299854092029 0.00567306047577514 -0.0454299854092029 0.761434449274835 -0.0192831217045206 0.00567306047577514 -0.0192831217045206 1.4601032230251
0.899042766688735 -0.0468201500405863 0.00593953824439301 -0.0468201500405863 0.753684235986298 -0.020084199727069 0.00593953824439301 -0.020084199727069 1.4811589580207
0.895612221828316 -0.0481890657278427 0.00621020922248865 -0.0481890657278427 0.746017390883629 -0.0208918130113081 0.00621020922248865 -0.0208918130113081 1.50251871734625
0.892197998254317 -0.0495369883302273 0.00648512225771144 -0.0495369883302273 0.738433014501882 -0.0217061085466917 0.00648512225771144 -0.0217061085466917 1.52418688747026
0.888799989494971 -0.0508641708792323 0.00676432705653036 -0.0508641708792323 0.730930217282412 -0.0225272348757339 0.00676432705653036 -0.0225272348757339 1.54616791818303
0.88541809002489 -0.0521708636103068 0.00704787419485931 -0.0521708636103068 0.7235081194659 -0.0233553421226134 0.00704787419485931 -0.0233553421226134 1.56846632351026
0.882052195255754 -0.0534573139942441 0.00733581512885551 -0.0534573139942441 0.716165850986562 -0.0241905820221233 0.00733581512885551 -0.0241905820221233 1.5910866826401
0.878702201527101 -0.0547237667682272 0.00762820220589331 -0.0547237667682272 0.70890255136754 -0.0250331079489729 0.00762820220589331 -0.0250331079489729 1.61403364086336
0.875368006097217 -0.0559704639665477 0.00792508867571534 -0.0559704639665477 0.701717369617448 -0.025883074947444 0.00792508867571534 -0.025883074947444 1.63731191052742
0.872049507134134 -0.0571976449509923 0.00822652870176375 -0.0571976449509923 0.694609464128077 -0.0267406397614125 0.00822652870176375 -0.0267406397614125 1.66092627200389
0.868746603706717 -0.0584055464409081 0.00853257737269377 -0.0584055464409081 0.687578002573233 -0.0276059608647363 0.00853257737269377 -0.0276059608647363 1.68488157467019
0.86545919577586 -0.0595944025429454 0.00884329071407205 -0.0595944025429454 0.680622161808704 -0.028479198492019 0.00884329071407205 -0.028479198492019 1.70918273790536
0.862187184185772 -0.0607644447804838 0.00915872570026206 -0.0607644447804838 0.673741127773336 -0.0293605146697542 0.00915872570026206 -0.0293605146697542 1.73383475210017
0.858930470655365 -0.0619159021227448 0.00947894026649943 -0.0619159021227448 0.666934095391218 -0.0302500732478563 0.00947894026649943 -0.0302500732478563 1.75884267968191
0.855688957769734 -0.0630490010135945 0.00980399332115939 -0.0630490010135945 0.660200268474955 -0.0311480399315845 0.00980399332115939 -0.0311480399315845 1.78421165615388
0.852462548971734 -0.0641639654000409 0.0101339447582191 -0.0641639654000409 0.653538859630019 -0.0320545823138668 0.0101339447582191 -0.0320545823138668 1.80994689114989
0.849251148553651 -0.0652610167604263 0.0104688554699173 -0.0652610167604263 0.646949090160165 -0.0329698699080291 0.0104688554699173 -0.0329698699080291 1.83605366950409
0.846054661648962 -0.0663403741323212 0.0108087873596145 -0.0663403741323212 0.640430189973909 -0.0338940741809377 0.0108087873596145 -0.0338940741809377 1.86253735233608
0.842872994224193 -0.0674022541401233 0.0111538033548553 -0.0674022541401233 0.633981397492048 -0.03482736858656 0.0111538033548553 -0.03482736858656 1.88940337815183
0.839706053070861 -0.0684468710223619 0.0115039674206368 -0.0684468710223619 0.627601959556207 -0.0357699285999515 0.0115039674206368 -0.0357699285999515 1.91665726396034
0.836553745797514 -0.0694744366587147 0.0118593445728851 -0.0694744366587147 0.621291131338425 -0.0367219317516752 0.0118593445728851 -0.0367219317516752 1.9443046064066
0.833415980821851 -0.070485160596736 0.0122200008921428 -0.070485160596736 0.615048176251734 -0.0376835576626603 0.0122200008921428 -0.0376835576626603 1.97235108292074
0.830292667362939 -0.0714792500783069 0.0125860035374712 -0.0714792500783069 0.608872365861753 -0.0386549880795077 0.0125860035374712 -0.0386549880795077 2.00080245288383
0.827183715433508 -0.0724569100657998 0.0129574207605681 -0.0724569100657998 0.602762979799263 -0.0396364069102481 0.0129574207605681 -0.0396364069102481 2.02966455881055
0.824089035832346 -0.0734183432679724 0.0133343219201069 -0.0734183432679724 0.596719305673773 -0.0406280002605617 0.0133343219201069 -0.0406280002605617 2.05894332754884
0.821008540136761 -0.0743637501655851 0.0137167774962977 -0.0743637501655851 0.590740638988042 -0.0416299564704653 0.0137167774962977 -0.0416299564704653 2.08864477149696
0.817942140695145 -0.0752933290367489 0.0141048591056747 -0.0752933290367489 0.584826283053573 -0.0426424661514743 0.0141048591056747 -0.0426424661514743 2.118774989838
0.81488975061961 -0.0762072759820079 0.0144986395161118 -0.0762072759820079 0.578975548907045 -0.043665722224248 0.0144986395161118 -0.043665722224248 2.14934016979236
0.811851283778716 -0.0771057849491568 0.0148981926620719 -0.0771057849491568 0.573187755227698 -0.0446999199567247 0.0148981926620719 -0.0446999199567247 2.18034658788818
