1.02918214439171 -0.057904699996937 0.00104039533513236 -0.057904699996937 1.02293511642216 -0.00731123736718799 0.00104039533513236 -0.00731123736718799 0.952947607296757
1.03499082447208 -0.068860108063336 0.0012752973903167 -0.068860108063336 1.02756765415612 -0.00864039922579367 0.0012752973903167 -0.00864039922579367 0.944555167107962
1.04094310036763 -0.0799194181876877 0.00152388910783165 -0.0799194181876877 1.03233437301008 -0.00996587441760551 0.00152388910783165 -0.00996587441760551 0.936238562792437
1.0470407834105 -0.0910845537349423 0.00178621350919615 -0.0910845537349423 1.03723687809944 -0.01128789376216 0.00178621350919615 -0.01128789376216 0.927997122891638
1.05328571414641 -0.10235746456355 0.00206231613107105 -0.10235746456355 1.04227680120451 -0.0126066885256124 0.00206231613107105 -0.0126066885256124 0.919830182186811
1.05967976275892 -0.113740127437438 0.00235224504364061 -0.113740127437438 1.04745580115193 -0.0139224904571486 0.00235224504364061 -0.0139224904571486 0.911737081644991
1.06622482950015 -0.125234546444043 0.00265605086945537 -0.125234546444043 1.05277556420209 -0.0152355318256616 0.00265605086945537 -0.0152355318256616 0.903717168365513
1.07292284512804 -0.136842753418503 0.00297378680274353 -0.136842753418503 1.05823780444232 -0.016546045456691 0.00297378680274353 -0.016546045456691 0.895769795527059
1.07977577135025 -0.148566808374108 0.00330550862919908 -0.148566808374108 1.06384426418625 -0.0178542647696418 0.00330550862919908 -0.0178542647696418 0.887894322335219
1.08678560127478 -0.160408799939083 0.00365127474624654 -0.160408799939083 1.06959671437911 -0.0191604238152821 0.00365127474624654 -0.0191604238152821 0.880090113970578
1.09395435986741 -0.172370845799819 0.00401114618379213 -0.172370845799819 1.07549695500939 -0.0204647573135298 0.00401114618379213 -0.0204647573135298 0.872356541537296
1.10128410441613 -0.184455093150635 0.00438518662546621 -0.184455093150635 1.08154681552668 -0.0217675006915356 0.00438518662546621 -0.0217675006915356 0.864692982012216
1.10877692500255 -0.196663719150183 0.00477346243035952 -0.196663719150183 1.08774815526591 -0.0230688901220655 0.00477346243035952 -0.0230688901220655 0.857098818194458
1.11643494498049 -0.208998931384588 0.00517604265526419 -0.208998931384588 1.09410286387811 -0.0243691625621954 0.00517604265526419 -0.0243691625621954 0.849573438655534
1.12426032146182 -0.221462968337417 0.0055929990774193 -0.221462968337417 1.10061286176767 -0.0256685557923188 0.0055929990774193 -0.0256685557923188 0.842116237689935
1.13225524580964 -0.234058099866602 0.00602440621777311 -0.234058099866602 1.10728010053635 -0.0269673084554828 0.00602440621777311 -0.0269673084554828 0.834726615266225
1.14042194413893 -0.246786627688395 0.00647034136476278 -0.246786627688395 1.11410656343399 -0.0282656600970482 0.00647034136476278 -0.0282656600970482 0.827403976978622
1.14876267782482 -0.259650885868489 0.00693088459862111 -0.259650885868489 1.12109426581612 -0.0295638512046948 0.00693088459862111 -0.0295638512046948 0.820147733999059
1.15727974401848 -0.272653241320386 0.00740611881621504 -0.272653241320386 1.12824525560855 -0.0308621232487663 0.00740611881621504 -0.0308621232487663 0.812957303029729
1.16597547617091 -0.285796094311143 0.00789612975642328 -0.285796094311143 1.13556161377899 -0.0321607187229738 0.00789612975642328 -0.0321607187229738 0.805832106256104
1.17485224456453 -0.299081878974586 0.00840100602605716 -0.299081878974586 1.14304545481592 -0.0334598811854548 0.00840100602605716 -0.0334598811854548 0.798771571300432
1.18391245685299 -0.312513063832138 0.00892083912633464 -0.312513063832138 1.15069892721468 -0.034759855300204 0.00892083912633464 -0.034759855300204 0.7917751311757
1.19315855860893 -0.326092152321328 0.00945572347991376 -0.326092152321328 1.15852421397098 -0.0360608868788824 0.00945572347991376 -0.0360608868788824 0.784842224240063
1.2025930338802 -0.339821683332145 0.0100057564584865 -0.339821683332145 1.16652353308193 -0.0373632229230038 0.0100057564584865 -0.0373632229230038 0.777972294151738
1.21221840575439 -0.353704231751318 0.0105710384109502 -0.353704231751318 1.17469913805464 -0.0386671116665212 0.0105710384109502 -0.0386671116665212 0.771164789824357
1.22203723693193 -0.367742409014669 0.0111516726921556 -0.367742409014669 1.18305331842262 -0.0399728026188103 0.0111516726921556 -0.0399728026188103 0.764419165382778
1.23205213030784 -0.381938863667636 0.0117477656922397 -0.381938863667636 1.19158840026993 -0.0412805466080602 0.0117477656922397 -0.0412805466080602 0.757734880119338
1.24226572956225 -0.396296281934109 0.0123594268665551 -0.396296281934109 1.2003067467634 -0.0425905958250849 0.0123594268665551 -0.0425905958250849 0.75111139845057
1.25268071975989 -0.4108173882937 0.0129867687661976 -0.4108173882937 1.20921075869283 -0.0439032038675566 0.0129867687661976 -0.0439032038675566 0.744548189874353
1.26329982795858 -0.425504946067554 0.0136299070691455 -0.425504946067554 1.21830287501944 -0.0452186257846756 0.0136299070691455 -0.0452186257846756 0.738044728927517
1.27412582382695 -0.440361758012865 0.0142889606120109 -0.440361758012865 1.22758557343262 -0.0465371181222812 0.0142889606120109 -0.0465371181222812 0.731600495143873
1.28516152027143 -0.455390666926199 0.0149640514224196 -0.455390666926199 1.23706137091517 -0.0478589389684156 0.0149640514224196 -0.0478589389684156 0.725214973012693
1.29640977407278 -0.470594556255761 0.0156553047520193 -0.470594556255761 1.24673282431704 -0.049184347999346 0.0156553047520193 -0.049184347999346 0.718887651937612
1.30787348653217 -0.485976350722764 0.0163628491101286 -0.485976350722764 1.25660253093783 -0.0505136065260576 0.0163628491101286 -0.0505136065260576 0.712618026195965
1.31955560412701 -0.501539016951997 0.0170868162980373 -0.501539016951997 1.26667312911806 -0.0518469775412252 0.0170868162980373 -0.0518469775412252 0.706405594898555
1.3314591191767 -0.517285564111768 0.017827341443958 -0.517285564111768 1.27694729883946 -0.0531847257666702 0.017827341443958 -0.0531847257666702 0.700249861949836
1.34358707051843 -0.533219044563338 0.0185845630386464 -0.533219044563338 1.28742776233432 -0.054527117701317 0.0185845630386464 -0.054527117701317 0.694150336008519
1.35594254419313 -0.549342554520011 0.0193586229716948 -0.549342554520011 1.29811728470405 -0.0558744216696541 0.0193586229716948 -0.0558744216696541 0.688106530448608
1.36852867414178 -0.56565923471599 0.0201496665685061 -0.56565923471599 1.30901867454715 -0.057226907870712 0.0201496665685061 -0.057226907870712 0.68211796332083
1.38134864291225 -0.582172271085191 0.0209578426279623 -0.582172271085191 1.32013478459663 -0.0585848484275665 0.0209578426279623 -0.0585848484275665 0.676184157314495
1.39440568237677 -0.598884895450131 0.0217833034607881 -0.598884895450131 1.33146851236714 -0.0599485174373762 0.0217833034607881 -0.0599485174373762 0.670304639719756
1.40770307446019 -0.615800386221049 0.0226262049286301 -0.615800386221049 1.34302280081184 -0.0613181910219681 0.0226262049286301 -0.0613181910219681 0.664478942390281
1.42124415187929 -0.63292206910543 0.023486706483852 -0.63292206910543 1.35480063898922 -0.0626941473789773 0.023486706483852 -0.0626941473789773 0.658706601706326
1.43503229889312 -0.65025331782805 0.0243649712100545 -0.65025331782805 1.36680506274 -0.0640766668335502 0.0243649712100545 -0.0640766668335502 0.652987158538206
1.44907095206476 -0.667797554861766 0.0252611658633407 -0.667797554861766 1.3790391553743 -0.0654660318906269 0.0252611658633407 -0.0654660318906269 0.647320158210174
1.46336360103449 -0.685558252169136 0.0261754609143235 -0.685558252169136 1.39150604836915 -0.0668625272878109 0.0261754609143235 -0.0668625272878109 0.641705150464686
1.47791378930461 -0.703538931955077 0.0271080305908908 -0.703538931955077 1.40420892207654 -0.0682664400488309 0.0271080305908908 -0.0682664400488309 0.636141689427064
1.49272511503609 -0.721743167430729 0.0280590529217444 -0.721743167430729 1.4171510064422 -0.069678059537617 0.0280590529217444 -0.069678059537617 0.630629333570549
1.50780123185724 -0.740174583588679 0.0290287097807082 -0.740174583588679 1.43033558173527 -0.0710976775129905 0.0290287097807082 -0.0710976775129905 0.625167645681748
1.52314584968452 -0.758836857989702 0.0300171869318319 -0.758836857989702 1.44376597928886 -0.0725255881839864 0.0300171869318319 -0.0725255881839864 0.619756192826453
