1.00710702942743 0.0159349061556813 -0.0426808765056373 0.0159349061556813 1.04499488863919 -0.0266474553867218 -0.0426808765056373 -0.0266474553867218 0.952873231189089
1.00864389983285 0.01907312302621 -0.0503745695105243 0.01907312302621 1.0535789003157 -0.0316056976389598 -0.0503745695105243 -0.0316056976389598 0.944742028704406
1.01025239111425 0.0222782172019825 -0.0580262698582908 0.0222782172019825 1.0622647975608 -0.0365857898508992 -0.0580262698582908 -0.0365857898508992 0.93676940300074
1.01193243778423 0.0255507224263622 -0.0656372501692904 0.0255507224263622 1.07105369254505 -0.0415885606985532 -0.0656372501692904 -0.0415885606985532 0.928953695347692
1.01368398587687 0.0288911827330937 -0.0732087736488728 0.0288911827330937 1.07994671189756 -0.0466148410179812 -0.0732087736488728 -0.0466148410179812 0.921293276118087
1.01550699291478 0.0323001525154895 -0.0807420943138414 0.0323001525154895 1.08894499686148 -0.0516654639377286 -0.0807420943138414 -0.0516654639377286 0.913786544460993
1.01740142787807 0.0357781965971827 -0.0882384572169373 0.0357781965971827 1.09804970345161 -0.0567412650113797 -0.0882384572169373 -0.0567412650113797 0.906431927980146
1.01936727117528 0.0393258903044467 -0.0956990986693989 0.0393258903044467 1.10726200261406 -0.0618430823502377 -0.0956990986693989 -0.0618430823502377 0.899227882417697
1.02140451461625 0.0429438195401008 -0.103125246461628 0.0429438195401008 1.11658308038807 -0.0669717567561585 -0.103125246461628 -0.0669717567561585 0.892172891343223
1.02351316138691 0.046632580859003 -0.110518120082011 0.046632580859003 1.12601413806995 -0.0721281318545592 -0.110518120082011 -0.0721281318545592 0.885265465847952
1.025693226026 0.0503927815451453 -0.117878930933931 0.0503927815451453 1.13555639237926 -0.0773130542276185 -0.117878930933931 -0.0773130542276185 0.878504144244118
1.02794473440371 0.0542250396903571 -0.125208882551008 0.0542250396903571 1.14521107562715 -0.0825273735476984 -0.125208882551008 -0.0825273735476984 0.871887491769416
1.03026772370215 0.0581299842746242 -0.132509170810615 0.0581299842746242 1.15497943588689 -0.087771942711001 -0.132509170810615 -0.087771942711001 0.865414100296466
1.03266224239787 0.0621082552480425 -0.139780984145693 0.0621082552480425 1.16486273716668 -0.0930476179714861 -0.139780984145693 -0.0930476179714861 0.85908258804726
1.0351283502461 0.0661605036144021 -0.14702550375492 0.0661605036144021 1.17486225958477 -0.0983552590750687 -0.14702550375492 -0.0983552590750687 0.852891599312503
1.03766611826697 0.0702873915164302 -0.15424390381126 0.0702873915164302 1.18497929954676 -0.103695729394123 -0.15424390381126 -0.103695729394123 0.846839804175822
1.04027562873365 0.0744895923226866 -0.161437351668942 0.0744895923226866 1.19521516992536 -0.109069896062305 -0.161437351668942 -0.109069896062305 0.840925898242766
1.04295697516222 0.0787677907161346 -0.168607008068882 0.0787677907161346 1.20557120024235 -0.11447863010973 -0.168607008068882 -0.11447863010973 0.835148602374553
1.04571026230354 0.0831226827843864 -0.17575402734262 0.0831226827843864 1.21604873685302 -0.119922806598501 -0.17575402734262 -0.119922806598501 0.829506662426504
1.04853560613694 0.0875549761116549 -0.182879557614776 0.0875549761116549 1.22664914313295 -0.125403304758647 -0.182879557614776 -0.125403304758647 0.823998848991127
1.0514331338657 0.0920653898723954 -0.189984741004082 0.0920653898723954 1.23737379966721 -0.130921008124454 -0.189984741004082 -0.130921008124454 0.818623957145771
1.05440298391455 0.0966546549266768 -0.197070713823012 0.0966546549266768 1.24822410444201 -0.13647680467124 -0.197070713823012 -0.13647680467124 0.813380806204834
1.05744530592879 0.101323513917278 -0.204138606776064 0.101323513917278 1.25920147303885 -0.142071586952574 -0.204138606776064 -0.142071586952574 0.808268239476444
1.06056026077548 0.10607272136852 -0.211189545156705 0.10607272136852 1.27030733883109 -0.147706252237976 -0.211189545156705 -0.147706252237976 0.803285124023585
1.0637480205463 0.110903043786859 -0.218224649043034 0.110903043786859 1.28154315318318 -0.153381702651116 -0.218224649043034 -0.153381702651116 0.798430350429606
1.06700876856234 0.115815259763253 -0.225245033492192 0.115815259763253 1.29291038565228 -0.159098845308525 -0.225245033492192 -0.159098845308525 0.79370283256808
1.07034269938071 0.120810160077288 -0.232251808733544 0.120810160077288 1.3044105241926 -0.164858592458848 -0.232251808733544 -0.164858592458848 0.789101507376947
1.07375001880296 0.125888547803124 -0.239246080360686 0.125888547803124 1.31604507536227 -0.170661861622665 -0.239246080360686 -0.170661861622665 0.784625334636914
1.07723094388534 0.131051238417231 -0.246228949522294 0.131051238417231 1.32781556453288 -0.176509575732892 -0.246228949522294 -0.176509575732892 0.780273296754061
1.08078570295089 0.136299059907955 -0.253201513111853 0.136299059907955 1.33972353610169 -0.182402663275782 -0.253201513111853 -0.182402663275782 0.776044398546596
1.08441453560337 0.141632852886917 -0.260164863956312 0.141632852886917 1.3517705537065 -0.188342058432568 -0.260164863956312 -0.188342058432568 0.771937667035738
1.088117692743 0.147053470702263 -0.267120091003669 0.147053470702263 1.36395820044329 -0.194328701221738 -0.267120091003669 -0.194328701221738 0.767952151240665
1.09189543658401 0.152561779553785 -0.274068279509564 0.152561779553785 1.37628807908662 -0.200363537642001 -0.274068279509564 -0.200363537642001 0.7640869219775
1.09574804067404 0.158158658609916 -0.281010511222857 0.158158658609916 1.38876181231278 -0.20644751981593 -0.281010511222857 -0.20644751981593 0.760341071662285
1.09967578991534 0.163845000126625 -0.28794786457028 0.163845000126625 1.40138104292576 -0.212581606134336 -0.28794786457028 -0.212581606134336 0.756713714117901
1.10367898058782 0.169621709568226 -0.294881414840148 0.169621709568226 1.41414743408615 -0.218766761401367 -0.294881414840148 -0.218766761401367 0.753203984384905
1.10775792037388 0.175489705730106 -0.301812234365191 0.175489705730106 1.42706266954278 -0.225003956980377 -0.301812234365191 -0.225003956980377 0.749811038536235
1.11191292838514 0.181449920863413 -0.30874139270453 0.181449920863413 1.44012845386743 -0.231294170940577 -0.30874139270453 -0.231294170940577 0.746534053495746
1.11614433519085 0.187503300801687 -0.315669956824822 0.187503300801687 1.45334651269236 -0.237638388204492 -0.315669956824822 -0.237638388204492 0.743372226860545
1.12045248284831 0.193650805089486 -0.322598991280616 0.193650805089486 1.46671859295092 -0.244037600696241 -0.322598991280616 -0.244037600696241 0.740324776727081
1.12483772493495 0.199893407112993 -0.329529558393945 0.199893407112993 1.48024646312109 -0.250492807490676 -0.329529558393945 -0.250492807490676 0.737390941520959
1.12930042658237 0.206232094232641 -0.336462718433184 0.206232094232641 1.4939319134721 -0.257005014963392 -0.336462718433184 -0.257005014963392 0.734569979830443
1.13384096451209 0.212667867917775 -0.343399529791216 0.212667867917775 1.50777675631418 -0.263575236941633 -0.343399529791216 -0.263575236941633 0.731861170243603
1.13845972707321 0.219201743883345 -0.350341049162916 0.219201743883345 1.52178282625136 -0.270204494856116 -0.350341049162916 -0.270204494856116 0.729263811189091
1.14315711428189 0.225834752228682 -0.357288331722002 0.225834752228682 1.53595198043742 -0.276893817893803 -0.357288331722002 -0.276893817893803 0.726777220780489
1.14793353786267 0.232567937578353 -0.364242431297285 0.232567937578353 1.55028609883509 -0.283644243151642 -0.364242431297285 -0.283644243151642 0.72440073666422
1.15278942129158 0.239402359225117 -0.371204400548321 0.239402359225117 1.56478708447844 -0.290456815791279 -0.371204400548321 -0.290456815791279 0.722133715870968
1.15772519984115 0.246339091275009 -0.378175291140535 0.246339091275009 1.57945686373849 -0.29733258919481 -0.378175291140535 -0.29733258919481 0.719975534670591
1.16274132062726 0.253379222794566 -0.385156153919811 0.253379222794566 1.59429738659221 -0.30427262512155 -0.385156153919811 -0.30427262512155 0.717925588430492
1.16783824265783 0.260523857960213 -0.392148039086602 0.260523857960213 1.60931062689476 -0.311277993865868 -0.392148039086602 -0.311277993865868 0.715983291477412
