1.06886195292738 -0.00173053525013366 -0.0293192820152499 -0.00173053525013366 0.94335440878149 -0.0154608290231478 -0.0293192820152499 -0.0154608290231478 0.992815078062918
1.08210681977932 -0.00200118687948707 -0.0348935904315664 -0.00200118687948707 0.933331691680951 -0.0181855504678739 -0.0348935904315664 -0.0181855504678739 0.991619686574606
1.09554330030756 -0.00225731115808123 -0.040528924775744 -0.00225731115808123 0.923424001528568 -0.0208757445762145 -0.040528924775744 -0.0208757445762145 0.990463245508978
1.109174056965 -0.00249895206381305 -0.0462262493417249 -0.00249895206381305 0.913630004685972 -0.0235318722381934 -0.0462262493417249 -0.0235318722381934 0.989345920194725
1.12300178989704 -0.00272615122199902 -0.0519865409406939 -0.00272615122199902 0.903948383110492 -0.0261543895695498 -0.0519865409406939 -0.0261543895695498 0.988267882145229
1.13702923746821 -0.00293894790714178 -0.0578107890885689 -0.00293894790714178 0.894377834173921 -0.0287437479763719 -0.0578107890885689 -0.0287437479763719 0.98722930910175
1.15125917679618 -0.00313737904430843 -0.063699996195995 -0.00313737904430843 0.88491707048342 -0.0313003942190996 -0.063699996195995 -0.0313003942190996 0.986230385077728
1.16569442429336 -0.00332147921012788 -0.0696551777608733 -0.00332147921012788 0.875564819704517 -0.0338247704759077 -0.0696551777608733 -0.0338247704759077 0.985271300404203
1.18033783621613 -0.00349128063340627 -0.0756773625634622 -0.00349128063340627 0.866319824386178 -0.0363173144054788 -0.0756773625634622 -0.0363173144054788 0.984352251776383
1.19519230922179 -0.0036468131953575 -0.0817675928640967 -0.0036468131953575 0.85718084178793 -0.0387784592091719 -0.0817675928640967 -0.0387784592091719 0.983473442301338
1.21026078093346 -0.00378810442944942 -0.0879269246035524 -0.00378810442944942 0.848146643709011 -0.0412086336925991 -0.0879269246035524 -0.0412086336925991 0.98263508154686
1.22554623051285 -0.00391517952086415 -0.0941564276061034 -0.00391517952086415 0.839216016319527 -0.043608262326615 -0.0941564276061034 -0.043608262326615 0.981837385591486
1.24105167924114 -0.00402806130557106 -0.100457185785303 -0.00402806130557106 0.830387759993581 -0.0459777653077358 -0.100457185785303 -0.0459777653077358 0.981080577075693
1.25678019110812 -0.00412677026901471 -0.106830297352538 -0.00412677026901471 0.821660689144365 -0.0483175586179834 -0.106830297352538 -0.0483175586179834 0.980364885254283
1.27273487340957 -0.00421132454441165 -0.113276875028391 -0.00421132454441165 0.813033632061191 -0.0506280540841753 -0.113276875028391 -0.0506280540841753 0.979690546049969
1.28891887735308 -0.00428173991065909 -0.119798046256846 -0.00428173991065909 0.804505430748417 -0.0529096594366641 -0.119798046256846 -0.0529096594366641 0.979057802108156
1.3053353986724 -0.00433802978985042 -0.126394953422395 -0.00433802978985042 0.796074940766283 -0.0551627783675336 -0.126394953422395 -0.0551627783675336 0.978466902852963
1.32198767825056 -0.00438020524440168 -0.133068754070068 -0.00438020524440168 0.787741031073605 -0.0573878105882609 -0.133068754070068 -0.0573878105882609 0.977918104544465
1.3388790027516 -0.00440827497378291 -0.139820621128443 -0.00440827497378291 0.77950258387231 -0.0595851518868555 -0.139820621128443 -0.0595851518868555 0.977411670337181
1.35601270526137 -0.00442224531085083 -0.146651743135676 -0.00442224531085083 0.771358494453814 -0.0617551941844783 -0.146651743135676 -0.0617551941844783 0.976947870339825
1.37339216593726 -0.00442212021779499 -0.15356332446859 -0.00442212021779499 0.763307671047177 -0.0638983255915537 -0.15356332446859 -0.0638983255915537 0.976526981676321
1.39102081266716 -0.00440790128167286 -0.160556585574875 -0.00440790128167286 0.755349034669071 -0.0660149304633792 -0.160556585574875 -0.0660149304633792 0.976149288548106
1.40890212173766 -0.00437958770955686 -0.167632763208433 -0.00437958770955686 0.747481518975485 -0.0681053894552441 -0.167632763208433 -0.0681053894552441 0.975815082297724
1.42703961851168 -0.00433717632327216 -0.174793110667927 -0.00433717632327216 0.739704070115189 -0.0701700795770604 -0.174793110667927 -0.0701700795770604 0.975524661473731
1.44543687811567 -0.00428066155373464 -0.182038898038572 -0.00428066155373464 0.732015646584911 -0.0722093742475192 -0.182038898038572 -0.0722093742475192 0.97527833189693
1.46409752613651 -0.00421003543488628 -0.189371412437215 -0.00421003543488628 0.724415219086215 -0.0742236433477756 -0.189371412437215 -0.0742236433477756 0.975076406727924
1.48302523932814 -0.00412528759721795 -0.196791958260752 -0.00412528759721795 0.71690177038407 -0.0762132532746741 -0.196791958260752 -0.0762132532746741 0.974919206536044
1.50222374632828 -0.00402640526088905 -0.204301857437932 -0.00402640526088905 0.709474295167073 -0.078178566993518 -0.204301857437932 -0.078178566993518 0.974807059369624
1.52169682838515 -0.00391337322843243 -0.211902449684602 -0.00391337322843243 0.702131799909316 -0.0801199440903943 -0.211902449684602 -0.0801199440903943 0.974740300827658
1.54144832009447 -0.00378617387704784 -0.219595092762421 -0.00378617387704784 0.694873302733887 -0.0820377408240601 -0.219595092762421 -0.0820377408240601 0.97471927413286
1.56148211014684 -0.00364478715048297 -0.22738116274113 -0.00364478715048297 0.687697833277967 -0.0839323101773942 -0.22738116274113 -0.0839323101773942 0.974744330206125
1.58180214208563 -0.00348919055048904 -0.235262054264384 -0.00348919055048904 0.680604432559513 -0.0858040019084323 -0.235262054264384 -0.0858040019084323 0.974815827742419
1.60241241507558 -0.00331935912787152 -0.243239180819238 -0.00331935912787152 0.673592152845519 -0.0876531626009775 -0.243239180819238 -0.0876531626009775 0.974934133288108
1.6233169846822 -0.00313526547310074 -0.251313975009319 -0.00313526547310074 0.666660057521821 -0.0894801357148091 -0.251313975009319 -0.0894801357148091 0.975099621319737
1.64451996366214 -0.00293687970650962 -0.259487888831734 -0.00293687970650962 0.659807220964441 -0.0912852616354861 -0.259487888831734 -0.0912852616354861 0.975312674324301
1.66602552276477 -0.00272416946806438 -0.267762393957774 -0.00272416946806438 0.653032728412433 -0.0930688777237567 -0.267762393957774 -0.0930688777237567 0.975573682880978
1.6878378915449 -0.00249709990669835 -0.276138982017483 -0.00249709990669835 0.646335675842248 -0.094831318364582 -0.276138982017483 -0.094831318364582 0.975883045744388
1.7099613591871 -0.0022556336692208 -0.284619164888107 -0.0022556336692208 0.639715169843556 -0.0965729150157799 -0.284619164888107 -0.0965729150157799 0.976241169929366
1.73240027534156 -0.00199973088878587 -0.293204474986531 -0.00199973088878587 0.633170327496552 -0.0982939962562943 -0.293204474986531 -0.0982939962562943 0.97664847079728
1.75515905097166 -0.00172934917292514 -0.301896465565714 -0.00172934917292514 0.626700276250693 -0.0999948878341022 -0.301896465565714 -0.0999948878341022 0.977105372143894
1.77824215921363 -0.00144444359114168 -0.310696711015213 -0.00144444359114168 0.620304153804874 -0.101675912713758 -0.310696711015213 -0.101675912713758 0.977612306288827
1.80165413624814 -0.00114496666205278 -0.319606807165832 -0.00114496666205278 0.613981107989015 -0.103337391123589 -0.319606807165832 -0.103337391123589 0.978169714166583
1.82539958218429 -0.000830868340093813 -0.328628371598467 -0.000830868340093813 0.607730296647044 -0.104979640602549 -0.328628371598467 -0.104979640602549 0.978778045419212
1.84948316195597 -0.000502096001768731 -0.337763043957212 -0.000502096001768731 0.601550887521265 -0.106602976046726 -0.337763043957212 -0.106602976046726 0.979437758490589
1.87390960623092 -0.000158594431441464 -0.347012486266765 -0.000158594431441464 0.595442058138082 -0.108207709755525 -0.347012486266765 -0.108207709755525 0.980149320722348
1.89868371233243 0.000199694193314871 -0.356378383254215 0.000199694193314871 0.589402995695085 -0.10979415147753 -0.356378383254215 -0.10979415147753 0.980913208451483
1.92381034517425 0.000572830316847212 -0.365862442675279 0.000572830316847212 0.583432896949463 -0.111362608456039 -0.365862442675279 -0.111362608456039 0.981729907109646
1.94929443820844 0.000960877021004336 -0.375466395645019 0.000960877021004336 0.577530968107732 -0.112913385474301 -0.375466395645019 -0.112913385474301 0.982599911324138
1.97514099438665 0.00136390004118468 -0.385191996973141 0.00136390004118468 0.571696424716776 -0.114446784900434 -0.385191996973141 -0.114446784900434 0.983523725020647
2.00135508713499 0.00178196778286531 -0.395041025503918 0.00178196778286531 0.56592849155617 -0.115963106732062 -0.395041025503918 -0.115963106732062 0.984501861527722
