0.980674167512734 -0.011730129448858 -0.063939475073286 -0.011730129448858 1.02844860556217 0.00564204600495205 -0.063939475073286 0.00564204600495205 0.995827131479334
0.977630002728957 -0.013933757152757 -0.0755181970867319 -0.013933757152757 1.03377914632123 0.006773872271993 -0.0755181970867319 0.006773872271993 0.995513806407738
0.974739787348754 -0.0161535256610461 -0.0870504091912496 -0.0161535256610461 1.03914293377068 0.00793579833672298 -0.0870504091912496 0.00793579833672298 0.995339310654116
0.972002402852779 -0.0183897996849204 -0.0985380041234572 -0.0183897996849204 1.04454020273198 0.00912801544119685 -0.0985380041234572 0.00912801544119685 0.995302971354843
0.969416758320315 -0.020642945279597 -0.109982859654021 -0.020642945279597 1.04997119019642 0.0103507191761842 -0.109982859654021 0.0103507191761842 0.995404139018955
0.966981790146824 -0.0229133298952802 -0.121386838932634 -0.0229133298952802 1.05543613534337 0.0116041094945177 -0.121386838932634 0.0116041094945177 0.995642187329497
0.964696461766796 -0.0252013224281138 -0.132751790829318 -0.0252013224281138 1.0609352795588 0.0128883907250518 -0.132751790829318 0.0128883907250518 0.996016512949193
0.962559763381841 -0.0275072932711466 -0.144079550272123 -0.0275072932711466 1.0664688664539 0.0142037715872267 -0.144079550272123 0.0142037715872267 0.996526535330397
0.960570711693952 -0.0298316143653146 -0.155371938581277 -0.0298316143653146 1.07203714188404 0.0155504652062421 -0.155371938581277 0.0155504652062421 0.997171696529257
0.95872834964389 -0.0321746592504305 -0.166630763799863 -0.0321746592504305 1.0776403539679 0.0169286891288354 -0.166630763799863 0.0169286891288354 0.997951461024076
0.957031746154614 -0.0345368031162202 -0.177857821021083 -0.0345368031162202 1.08327875310677 0.0183386653396675 -0.177857821021083 0.0183386653396675 0.998865315537794
0.955479995879708 -0.0369184228533802 -0.189054892712174 -0.0369184228533802 1.08895259200419 0.0197806202783163 -0.189054892712174 0.0197806202783163 0.99991276886457
0.954072218956745 -0.0393198971046884 -0.200223749035033 -0.0393198971046884 1.09466212568569 0.0212547848568742 -0.200223749035033 0.0212547848568742 1.00109335170041
0.952807560765522 -0.041741606316163 -0.211366148163624 -0.041741606316163 1.10040761151887 0.0227613944781539 -0.211366148163624 0.0227613944781539 1.0024066164778
0.951685191691115 -0.0441839327882794 -0.222483836598221 -0.0441839327882794 1.10618930923363 0.0243006890545016 -0.222483836598221 0.0243006890545016 1.00385213720429
0.95070430689169 -0.046647260727252 -0.233578549476547 -0.046647260727252 1.11200748094265 0.0258729130272155 -0.233578549476547 0.0258729130272155 1.00542950930503
0.949864126071037 -0.0491319762963977 -0.244652010881872 -0.0491319762963977 1.11786239116214 0.027478315386573 -0.244652010881872 0.027478315386573 1.00713834946917
0.949163893255742 -0.0516384676675703 -0.255705934148131 -0.0516384676675703 1.12375430683278 0.0291171496924653 -0.255705934148131 0.0291171496924653 1.00897829550005
0.948602876576961 -0.0541671250726898 -0.266742022162114 -0.0541671250726898 1.12968349734092 0.0307896740956396 -0.266742022162114 0.0307896740956396 1.01094900616932
0.948180368056747 -0.0567183408553647 -0.277761967662791 -0.0567183408553647 1.13565023454 0.0324961513595534 -0.277761967662791 0.0324961513595534 1.01305016107468
0.947895683398867 -0.0592925095226198 -0.28876745353783 -0.0592925095226198 1.14165479277225 0.0342368488828325 -0.28876745353783 0.0342368488828325 1.01528146050145
0.947748161784061 -0.0618900277967331 -0.299760153117356 -0.0618900277967331 1.14769744889059 0.0360120387223478 -0.299760153117356 0.0360120387223478 1.01764262528777
0.947737165669709 -0.0645112946671917 -0.310741730465026 -0.0645112946671917 1.15377848228078 0.0378219976168955 -0.310741730465026 0.0378219976168955 1.02013339669351
0.947862080593825 -0.067156711442772 -0.321713840666444 -0.067156711442772 1.15989817488389 0.039667007011495 -0.321713840666444 0.039667007011495 1.02275353627272
0.948122314983363 -0.0698266818037524 -0.332678130115005 -0.0698266818037524 1.16605681121889 0.0415473530822977 -0.332678130115005 0.0415473530822977 1.02550282574975
0.948517299966774 -0.0725216118542669 -0.343636236795197 -0.0725216118542669 1.1722546784056 0.0434633267621108 -0.343636236795197 0.0434633267621108 1.02838106689886
0.949046489190753 -0.0752419101748046 -0.354589790563426 -0.0752419101748046 1.17849206618785 0.0454152237665396 -0.354589790563426 0.0454152237665396 1.03138808142737
0.949709358641162 -0.0779879878748658 -0.365540413426414 -0.0779879878748658 1.1847692669569 0.0474033446207414 -0.365540413426414 0.0474033446207414 1.03452371086229
0.950505406468059 -0.0807602586457761 -0.37648971981722 -0.0807602586457761 1.19108657577513 0.0494279946868033 -0.37648971981722 0.0494279946868033 1.0377878164404
0.951434152814796 -0.0835591388136719 -0.387439316868937 -0.0835591388136719 1.19744429039996 0.0514894841917377 -0.387439316868937 0.0514894841917377 1.04118027900177
0.952495139651148 -0.0863850473926663 -0.398390804686124 -0.0863850473926663 1.2038427113081 0.0535881282560996 -0.398390804686124 0.0535881282560996 1.04470099888661
0.953687930610425 -0.0892384061381863 -0.409345776614004 -0.0892384061381863 1.21028214171995 0.0557242469232287 -0.409345776614004 0.0557242469232287 1.04834989583558
0.955012110830524 -0.0921196396005136 -0.420305819505498 -0.0921196396005136 1.21676288762441 0.0578981651891127 -0.420305819505498 0.0578981651891127 1.05212690889334
0.956467286798894 -0.0950291751785163 -0.431272513986133 -0.0950291751785163 1.22328525780385 0.0601102130328819 -0.431272513986133 0.0601102130328819 1.05603199631544
0.958053086201351 -0.097967443173589 -0.442247434716879 -0.097967443173589 1.22984956385938 0.0623607254479321 -0.442247434716879 0.0623607254479321 1.06006513547848
0.959769157774723 -0.100934876843802 -0.453232150654955 -0.100934876843802 1.23645612023645 0.0646500424736751 -0.453232150654955 0.0646500424736751 1.06422632279352
0.961615171163277 -0.103931912458272 -0.464228225312659 -0.103931912458272 1.24310524425062 0.066978509227926 -0.464228225312659 0.066978509227926 1.06851557362269
0.9635908167789 -0.10695898935176 -0.47523721701427 -0.10695898935176 1.24979725611373 0.0693464759399236 -0.47523721701427 0.0693464759399236 1.07293292219905
0.965695805664981 -0.110016549979504 -0.486260679151065 -0.110016549979504 1.25653247896028 0.0717542979839877 -0.486260679151065 0.0717542979839877 1.07747842154953
0.967929869363968 -0.113105039972291 -0.497300160434491 -0.113105039972291 1.26331123887409 0.0742023359138201 -0.497300160434491 0.0742023359138201 1.08215214342105
0.970292759788568 -0.116224908191777 -0.508357205147556 -0.116224908191777 1.27013386491529 0.0766909554974413 -0.508357205147556 0.0766909554974413 1.08695417820982
0.97278424909655 -0.119376606786071 -0.519433353394468 -0.119376606786071 1.27700068914756 0.0792205277527807 -0.519433353394468 0.0792205277527807 1.09188463489363
0.975404129569105 -0.122560591245566 -0.53053014134857 -0.122560591245566 1.28391204666569 0.0817914289839033 -0.53053014134857 0.0817914289839033 1.09694364096728
0.978152213492762 -0.125777320459057 -0.54164910149862 -0.125777320459057 1.29086827562346 0.0844040408178983 -0.54164910149862 0.0844040408178983 1.10213134238102
0.981028333044785 -0.129027256770129 -0.552791762893463 -0.129027256770129 1.29786971726171 0.0870587502424118 -0.552791762893463 0.0870587502424118 1.10744790348204
0.984032340182054 -0.13231086603383 -0.563959651385121 -0.13231086603383 1.30491671593687 0.0897559496438393 -0.563959651385121 0.0897559496438393 1.11289350695894
0.987164106533379 -0.135628617673636 -0.575154289870369 -0.135628617673636 1.31200961914964 0.0924960368461756 -0.575154289870369 0.0924960368461756 1.11846835378922
0.990423523295226 -0.138980984738719 -0.586377198530819 -0.138980984738719 1.31914877757411 0.0952794151505294 -0.586377198530819 0.0952794151505294 1.12417266318968
0.99381050113081 -0.142368443961519 -0.597629895071567 -0.142368443961519 1.32633454508707 0.0981064933752961 -0.597629895071567 0.0981064933752961 1.1300066725698
0.997324970072552 -0.145791475815633 -0.608913894958438 -0.145791475815633 1.33356727879773 0.100977685897009 -0.608913894958438 0.100977685897009 1.13597063748802
