1.03503136463861 0.00405078978769688 0.031413636527057 0.00405078978769688 0.998599457279164 -0.0531178259073236 0.031413636527057 -0.0531178259073236 0.971316712022204
1.04170613879766 0.00462777229505348 0.0371772395722983 0.00462777229505348 0.998654120120403 -0.0626790862483156 0.0371772395722983 -0.0626790862483156 0.966558764402365
1.04845656299639 0.00515317426459011 0.0429412697268758 0.00515317426459011 0.99880388462823 -0.0721837566493648 0.0429412697268758 -0.0721837566493648 0.961955521628623
1.05528306969434 0.00562708101745965 0.0487066722092964 0.00562708101745965 0.999048101171829 -0.0816333948111821 0.0487066722092964 -0.0816333948111821 0.957505555617406
1.06218609959748 0.00604956885085128 0.0544743885740359 0.00604956885085128 0.999386135919631 -0.0910295427473154 0.0544743885740359 -0.0910295427473154 0.95320746719905
1.06916610168099 0.0064207050856338 0.0602453568691138 0.0064207050856338 0.999817370668788 -0.100373727080929 0.0602453568691138 -0.100373727080929 0.949059885778677
1.07622353321312 0.00674054811243452 0.0660205117924453 0.00674054811243452 1.00034120267771 -0.109667459337948 0.0660205117924453 -0.109667459337948 0.945061469002837
1.08335885978019 0.00700914743616737 0.0718007848469972 0.00700914743616737 1.0009570445016 -0.118912236236627 0.0718007848469972 -0.118912236236627 0.941210902431822
1.09057255531261 0.00722654371903608 0.0775871044947674 0.00722654371903608 1.00166432383102 -0.128109539973609 0.0775871044947674 -0.128109539973609 0.937506899217586
1.09786510211204 0.00739276882199663 0.0833803963096317 0.00739276882199663 1.00246248333333 -0.137260838506527 0.0833803963096317 -0.137260838506527 0.933948199787208
1.10523699087962 0.00750784584473127 0.0891815831290702 0.00750784584473127 1.0033509804971 -0.146367585833202 0.0891815831290702 -0.146367585833202 0.930533571531807
1.1126887207453 0.00757178916410869 0.0949915852048121 0.00757178916410869 1.00432928747938 -0.155431222267509 0.0949915852048121 -0.155431222267509 0.927261808500847
1.12022079929825 0.00758460447117379 0.100811320352418 0.00758460447117379 1.00539689095577 -0.164453174711949 0.100811320352418 -0.164453174711949 0.92413173110177
1.12783374261835 0.00754628880665495 0.106641704099832 0.00754628880665495 1.00655329197331 -0.173434856926991 0.106641704099832 -0.173434856926991 0.921142185804877
1.13552807530877 0.00745683059501737 0.112483649834931 0.00745683059501737 1.00779800580617 -0.182377669797237 0.112483649834931 -0.182377669797237 0.91829204485339
1.14330433052964 0.00731620967706847 0.118338068952089 0.00731620967706847 1.00913056181403 -0.191283001594469 0.118338068952089 -0.191283001594469 0.915580205978635
1.15116305003284 0.007124397341119 0.124205870997793 0.007124397341119 1.01055050330318 -0.200152228237622 0.124205870997793 -0.200152228237622 0.913005592120289
1.15910478419778 0.00688135635272744 0.130087963815333 0.00688135635272744 1.01205738739026 -0.208986713549738 0.130087963815333 -0.208986713549738 0.91056715115159
1.16713009206838 0.00658704098302335 0.135985253688585 0.00658704098302335 1.01365078486867 -0.217787809511955 0.135985253688585 -0.217787809511955 0.908263855609497
1.17523954139106 0.00624139703562424 0.141898645484926 0.00624139703562424 1.01533028007756 -0.226556856514587 0.141898645484926 -0.226556856514587 0.906094702429704
1.18343370865383 0.00584436187216497 0.14782904279729 0.00584436187216497 1.01709547077339 -0.235295183605328 0.14782904279729 -0.235295183605328 0.904058712686451
1.19171317912652 0.00539586443643547 0.153777348085404 0.00539586443643547 1.01894596800403 -0.244004108734651 0.153777348085404 -0.244004108734651 0.902154931337081
1.20007854690203 0.00489582527714674 0.159744462816218 0.00489582527714674 1.02088139598539 -0.252684938998432 0.159744462816218 -0.252684938998432 0.90038242697128
1.20853041493869 0.00434415656933348 0.165731287603564 0.00434415656933348 1.02290139198051 -0.261338970877865 0.165731287603564 -0.261338970877865 0.898740291564939
1.21706939510374 0.00374076213439789 0.171738722347054 0.00374076213439789 1.02500560618107 -0.269967490476699 0.171738722347054 -0.269967490476699 0.897227640238584
1.22569610821787 0.00308553745880383 0.177767666370259 0.00308553745880383 1.0271937015914 -0.278571773755857 0.177767666370259 -0.278571773755857 0.89584361102031
1.23441118410088 0.00237836971144298 0.183819018558173 0.00237836971144298 1.02946535391482 -0.287153086765476 0.183819018558173 -0.287153086765476 0.89458736461318
1.24321526161839 0.00161913775965805 0.189893677494004 0.00161913775965805 1.03182025144235 -0.295712685874417 0.189893677494004 -0.295712685874417 0.893458084167015
1.25210898872971 0.000807712183956505 0.195992541595297 0.000807712183956505 1.03425809494379 -0.304251817997289 0.195992541595297 -0.304251817997289 0.892454975054527
1.26109302253677 -5.60447085973248e-05 0.202116509249437 -5.60447085973248e-05 1.03677859756108 -0.312771720819034 0.202116509249437 -0.312771720819034 0.891577264651762
1.27016802933414 -0.000972278872288845 0.208266478948522 -0.000972278872288845 1.03938148470399 -0.321273623017115 0.208266478948522 -0.321273623017115 0.890824202122761
1.27933468466019 -0.00194114451196484 0.21444334942366 -0.00194114451196484 1.04206649394799 -0.329758744481349 0.21444334942366 -0.329758744481349 0.890195058208431
1.28859367334934 -0.00296280407352742 0.220648019778692 -0.00296280407352742 1.04483337493442 -0.338228296531436 0.220648019778692 -0.338228296531436 0.889689125019544
1.2979456895854 -0.00403742823571757 0.226881389623375 -0.00403742823571757 1.04768188927287 -0.346683482132212 0.226881389623375 -0.346683482132212 0.889305715833827
1.30739143695604 -0.00516519590317113 0.233144359206037 -0.00516519590317113 1.05061181044569 -0.355125496106689 0.233144359206037 -0.355125496106689 0.889044164897104
1.3169316285084 -0.00634629420074467 0.239437829545738 -0.00634629420074467 1.05362292371472 -0.363555525346896 0.239437829545738 -0.363555525346896 0.888903827228415
1.32656698680574 -0.00758091846910899 0.245762702563947 -0.00758091846910899 1.05671502603012 -0.371974749022596 0.245762702563947 -0.371974749022596 0.8888840784291
1.33629824398531 -0.00886927226158946 0.252119881215765 -0.00886927226158946 1.05988792594131 -0.380384338787884 0.252119881215765 -0.380384338787884 0.888984314495765
1.34612614181724 -0.010211567342267 0.258510269620714 -0.010211567342267 1.06314144351004 -0.388785458985732 0.258510269620714 -0.388785458985732 0.889203951637126
1.35605143176466 -0.0116080236853177 0.264934773193104 -0.0116080236853177 1.06647541022545 -0.39717926685051 0.264934773193104 -0.39717926685051 0.889542426094636
1.36607487504485 -0.0130588694755936 0.271394298772021 -0.0130588694755936 1.06988966892129 -0.405566912708523 0.271394298772021 -0.405566912708523 0.889999193966909
1.37619724269162 -0.0145643411104366 0.277889754750925 -0.0145643411104366 1.07338407369505 -0.413949540176604 0.277889754750925 -0.413949540176604 0.890573731037844
1.38641931561875 -0.0161246832027226 0.284422051206916 -0.0161246832027226 1.07695848982915 -0.422328286358797 0.284422051206916 -0.422328286358797 0.891265532608437
1.39674188468461 -0.0177401485851237 0.290992100029654 -0.0177401485851237 1.08061279371412 -0.430704282041173 0.290992100029654 -0.430704282041173 0.892074113332244
1.40716575075793 -0.0194109983155955 0.297600815049978 -0.0194109983155955 1.0843468727737 -0.43907865188482 0.297600815049978 -0.43907865188482 0.892999007054428
1.41769172478471 -0.0211375016840716 0.30424911216823 -0.0211375016840716 1.08816062539192 -0.447452514617021 0.30424911216823 -0.447452514617021 0.894039766654368
1.42832062785626 -0.0229199362203742 0.310937909482317 -0.0229199362203742 1.09205396084208 -0.455826983220695 0.310937909482317 -0.455826983220695 0.8951959638918
1.43905329127848 -0.0247585877033264 0.317668127415517 -0.0247585877033264 1.09602679921763 -0.464203165122098 0.317668127415517 -0.464203165122098 0.896467189256417
1.44989055664219 -0.0266537501710619 0.324440688844057 -0.0266537501710619 1.10007907136496 -0.472582162376841 0.324440688844057 -0.472582162376841 0.89785305182093
1.46083327589474 -0.0286057259325408 0.331256519224491 -0.0286057259325408 1.104210718818 -0.480965071854263 0.331256519224491 -0.480965071854263 0.899353179097528
