1.00144300878061 -0.0472265187486615 0.0171242590506374 -0.0472265187486615 1.0072847476198 -0.0508296405295425 0.0171242590506374 -0.0508296405295425 0.996316590281644
1.00197968395192 -0.0560329943236956 0.0205235400764197 -0.0560329943236956 1.00914784802494 -0.0602657811736824 0.0205235400764197 -0.0602657811736824 0.995952074789908
1.00260214492322 -0.0648842238018859 0.0240030571626524 -0.0648842238018859 1.01117591722724 -0.0697369757972373 0.0240030571626524 -0.0697369757972373 0.995685492997147
1.00331102143748 -0.0737817318799373 0.0275634088973939 -0.0737817318799373 1.0133698261914 -0.079244856052274 0.0275634088973939 -0.079244856052274 0.995517321292275
1.00410695816292 -0.0827270557070602 0.0312052093469044 -0.0827270557070602 1.01573047496152 -0.0887910647472722 0.0312052093469044 -0.0887910647472722 0.995448052550426
1.00499061484718 -0.0917217451688946 0.0349290882017122 -0.0917217451688946 1.01825879289998 -0.0983772561438748 0.0349290882017122 -0.0983772561438748 0.995478196267732
1.00596266647436 -0.100767363174385 0.0387356909256359 -0.100767363174385 1.02095573893174 -0.108005096256433 0.0387356909256359 -0.108005096256433 0.995608278699186
1.00702380342498 -0.109865485945671 0.0426256789078037 -0.109865485945671 1.02382230179414 -0.117676263154398 0.0426256789078037 -0.117676263154398 0.995838842999594
1.00817473163889 -0.119017703311042 0.046599729617702 -0.119017703311042 1.0268595002922 -0.127392447267631 0.046599729617702 -0.127392447267631 0.996170449367661
1.00941617278117 -0.128225619001019 0.0506585367632851 -0.128225619001019 1.03006838355958 -0.137155351694669 0.0506585367632851 -0.137155351694669 0.996603675193239
1.01074886441107 -0.137490850947617 0.0548028104521825 -0.137490850947617 1.03345003132511 -0.146966692514028 0.0548028104521825 -0.146966692514028 0.997139115207778
1.01217356015402 -0.146815031586842 0.0590332773560418 -0.146815031586842 1.03700555418515 -0.156828199098576 0.0590332773560418 -0.156828199098576 0.997777381637998
1.01369102987667 -0.156199808164492 0.0633506808780417 -0.156199808164492 1.04073609388162 -0.166741614433066 0.0633506808780417 -0.166741614433066 0.99851910436284
1.01530205986518 -0.165646843045309 0.0677557813236112 -0.165646843045309 1.04464282358594 -0.176708695434862 0.0677557813236112 -0.176708695434862 0.999364931073709
1.0170074530066 -0.175157814025552 0.0722493560743926 -0.175157814025552 1.04872694818885 -0.186731213277937 0.0722493560743926 -0.186731213277937 1.00031552743807
1.01880802897351 -0.184734414649044 0.07683219976549 -0.184734414649044 1.05298970459624 -0.196810953720201 0.07683219976549 -0.196810953720201 1.0013715772664
1.02070462441189 -0.19437835452676 0.0815051244660379 -0.19437835452676 1.05743236203095 -0.206949717434213 0.0815051244660379 -0.206949717434213 1.00253378268258
1.02269809313229 -0.204091359660015 0.0862689598631327 -0.204091359660015 1.06205622234075 -0.217149320341355 0.0862689598631327 -0.217149320341355 1.0038028642977
1.0247893063044 -0.213875172767317 0.0911245534491625 -0.213875172767317 1.06686262031247 -0.227411593949525 0.0911245534491625 -0.227411593949525 1.00517956138742
1.02697915265486 -0.223731553614947 0.0960727707125829 -0.223731553614947 1.07185292399233 -0.237738385694402 0.0960727707125829 -0.237738385694402 1.00666463207278
1.02926853866865 -0.233662279351332 0.101114495332176 -0.233662279351332 1.07702853501269 -0.248131559284382 0.101114495332176 -0.248131559284382 1.00825885350464
1.03165838879385 -0.243669144845276 0.106250629374836 -0.243669144845276 1.08239088892508 -0.258592995049209 0.106250629374836 -0.258592995049209 1.0099630220517
1.03414964564992 -0.253753963028115 0.111482093496919 -0.253753963028115 1.08794145553976 -0.2691245902924 0.111482093496919 -0.2691245902924 1.01177795349222
1.03674327023958 -0.263918565239863 0.116809827149217 -0.263918565239863 1.09368173927182 -0.279728259647528 0.116809827149217 -0.279728259647528 1.01370448320936
1.03944024216422 -0.274164801579416 0.122234788785573 -0.274164801579416 1.09961327949386 -0.290405935438409 0.122234788785573 -0.290405935438409 1.01574346639034
1.042241559843 -0.284494541258889 0.127757956075216 -0.284494541258889 1.10573765089538 -0.301159568043303 0.127757956075216 -0.301159568043303 1.01789577822931
1.04514824073568 -0.294909672962144 0.13338032611883 -0.294909672962144 1.11205646384899 -0.31199112626315 0.13338032611883 -0.31199112626315 1.02016231413413
1.04816132156906 -0.305412105207591 0.139102915668425 -0.305412105207591 1.11857136478335 -0.322902597693965 0.139102915668425 -0.322902597693965 1.0225439899369
1.05128185856736 -0.316003766715326 0.14492676135105 -0.316003766715326 1.1252840365632 -0.333895989103421 0.14492676135105 -0.333895989103421 1.02504174210859
1.05451092768636 -0.326686606778683 0.150852919896389 -0.326686606778683 1.13219619887627 -0.344973326811723 0.150852919896389 -0.344973326811723 1.02765652797744
1.05784962485137 -0.33746259564027 0.156882468368306 -0.33746259564027 1.1393096086274 -0.356136657076827 0.156882468368306 -0.356136657076827 1.0303893259515
1.06129906619931 -0.348333724872567 0.163016504400374 -0.348333724872567 1.14662606033978 -0.367388046484095 0.163016504400374 -0.367388046484095 1.03324113574523
1.06486038832456 -0.359302007763155 0.169256146435438 -0.359302007763155 1.15414738656349 -0.378729582340454 0.169256146435438 -0.378729582340454 1.03621297861012
1.06853474852904 -0.370369479704662 0.175602533969279 -0.370369479704662 1.16187545829137 -0.390163373073132 0.175602533969279 -0.390163373073132 1.03930589756957
1.07232332507626 -0.38153819858949 0.182056827798409 -0.38153819858949 1.16981218538243 -0.401691548633065 0.182056827798409 -0.401691548633065 1.04252095765794
1.07622731744959 -0.392810245209421 0.188620210272072 -0.392810245209421 1.1779595169927 -0.413316260903035 0.188620210272072 -0.413316260903035 1.04585924616389
1.08024794661466 -0.404187723660152 0.195293885548481 -0.404187723660152 1.18631944201382 -0.425039684110633 0.195293885548481 -0.425039684110633 1.04932187287796
1.08438645528611 -0.415672761750874 0.202079079855375 -0.415672761750874 1.19489398951924 -0.436864015246127 0.202079079855375 -0.436864015246127 1.05290997034462
1.08864410819858 -0.427267511418941 0.20897704175492 -0.427267511418941 1.20368522921838 -0.448791474485299 0.20897704175492 -0.448791474485299 1.05662469411871
1.0930221923821 -0.438974149149754 0.215989042413031 -0.438974149149754 1.21269527191866 -0.460824305617375 0.215989042413031 -0.460824305617375 1.06046722302635
1.09752201744187 -0.450794876401887 0.223116375873172 -0.450794876401887 1.22192626999551 -0.472964776478076 0.223116375873172 -0.472964776478076 1.06443875943034
1.10214491584263 -0.4627319200376 0.230360359334674 -0.4627319200376 1.2313804178706 -0.485215179387935 0.230360359334674 -0.485215179387935 1.06854052950027
1.10689224319744 -0.474787532758781 0.237722333435656 -0.474787532758781 1.24105995249822 -0.497577831595918 0.237722333435656 -0.497577831595918 1.0727737834872
1.11176537856117 -0.486963993548422 0.245203662540584 -0.486963993548422 1.25096715386007 -0.510055075728462 0.245203662540584 -0.510055075728462 1.07713979600303
1.11676572472865 -0.499263608117716 0.25280573503255 -0.499263608117716 1.2611043454684 -0.522649280244022 0.25280573503255 -0.522649280244022 1.08163986630471
1.12189470853745 -0.511688709358865 0.260529963610316 -0.511688709358865 1.27147389487778 -0.535362839893193 0.260529963610316 -0.535362839893193 1.08627531858323
1.12715378117565 -0.524241657803681 0.268377785590194 -0.524241657803681 1.28207821420549 -0.548198176184529 0.268377785590194 -0.548198176184529 1.09104750225753
1.13254441849425 -0.536924842088082 0.276350663212832 -0.536924842088082 1.29291976066068 -0.561157737856129 0.276350663212832 -0.561157737856129 1.09595779227337
1.13806812132467 -0.549740679422574 0.284450083954948 -0.549740679422574 1.30400103708239 -0.574244001353087 0.284450083954948 -0.574244001353087 1.10100758940714
1.14372641580119 -0.562691616068802 0.292677560846113 -0.562691616068802 1.31532459248664 -0.587459471310915 0.292677560846113 -0.587459471310915 1.1061983205749
