0.958053452133811 0.0202834940955703 -0.0407434902060583 0.0202834940955703 1.04112954509102 -0.0352896642672375 -0.0407434902060583 -0.0352896642672375 1.00583399901678
0.950770476244955 0.0241603990189608 -0.0481388572390067 0.0241603990189608 1.04904067120808 -0.0420359850613815 -0.0481388572390067 -0.0420359850613815 1.00722309306094
0.943615640597377 0.0280858883050112 -0.0555099976284682 0.0280858883050112 1.05706623802946 -0.0488672058818413 -0.0555099976284682 -0.0488672058818413 1.00871173122944
0.936587913277116 0.0320606289392803 -0.0628581643275218 0.0320606289392803 1.06520779385917 -0.0557844874296575 -0.0628581643275218 -0.0557844874296575 1.01030035083461
0.929686282501108 0.0360852969448666 -0.0701846077735732 0.0360852969448666 1.07346690805983 -0.0627890061926816 -0.0701846077735732 -0.0627890061926816 1.01198940633809
0.922909756469908 0.040160577505603 -0.0774905760951539 0.040160577505603 1.0818451713389 -0.069881954660033 -0.0774905760951539 -0.069881954660033 1.01377936944602
0.916257363223587 0.0442871650909218 -0.084777315318559 0.0442871650909218 1.09034419603891 -0.0770645415394806 -0.084777315318559 -0.0770645415394806 1.01567072920717
0.90972815050081 0.0484657635824127 -0.0920460695743648 0.0484657635824127 1.09896561643159 -0.0843379919777741 -0.0920460695743648 -0.0843379919777741 1.01766399211417
0.903321185601042 0.0526970864020971 -0.0992980813038501 0.0526970864020971 1.10771108901599 -0.0917035477839767 -0.0992980813038501 -0.0917035477839767 1.01975968220767
0.897035555249891 0.056981856642447 -0.106534591465368 0.056981856642447 1.11658229282065 -0.09916246765584 -0.106534591465368 -0.09916246765584 1.02195834118365
0.890870365467554 0.0613208071981608 -0.113756839740699 0.0613208071981608 1.12558092970994 -0.106716027409252 -0.113756839740699 -0.106716027409252 1.02426052850375
0.884824741440352 0.0657146808997335 -0.120966064741404 0.0657146808997335 1.13470872469449 -0.11436552021081 -0.120966064741404 -0.11436552021081 1.02666682150872
0.878897827395329 0.070164230648833 -0.128163504215247 0.070164230648833 1.14396742624584 -0.122112256813556 -0.128163504215247 -0.122112256813556 1.02917781553498
0.873088786477911 0.0746702195555218 -0.135350395252683 0.0746702195555218 1.15335880661546 -0.129957565795925 -0.135350395252683 -0.129957565795925 1.03179412403431
0.867396800632598 0.0792334210773321 -0.14252797449347 0.0792334210773321 1.16288466215801 -0.137902793803935 -0.14252797449347 -0.137902793803935 1.03451637869679
0.861821070486664 0.0838546191602327 -0.149697478333435 0.0838546191602327 1.17254681365901 -0.145949305796678 -0.149697478333435 -0.145949305796678 1.0373452295768
0.856360815236875 0.0885346083815081 -0.156860143131428 0.0885346083815081 1.18234710666701 -0.154098485295146 -0.156860143131428 -0.154098485295146 1.04028134522232
0.851015272539185 0.0932741940945773 -0.16401720541649 0.0932741940945773 1.19228741183026 -0.16235173463445 -0.16401720541649 -0.16235173463445 1.0433254128075
0.8457836984014 0.0980741925757773 -0.171169902095292 0.0980741925757773 1.20236962523791 -0.17071047521946 -0.171169902095292 -0.17071047521946 1.0464781382684
0.840665367078807 0.10293543117314 -0.178319470659852 0.10293543117314 1.21259566876592 -0.179176147783927 -0.178319470659852 -0.179176147783927 1.04974024644209
0.835659570972734 0.107858748457185 -0.185467149395588 0.107858748457185 1.22296749042763 -0.187750212653132 -0.185467149395588 -0.187750212653132 1.05311248120908
0.830765620532055 0.112844994373766 -0.192614177589729 0.112844994373766 1.2334870647291 -0.196434150010105 -0.192614177589729 -0.196434150010105 1.05659560563905
0.825982844157591 0.117895030398983 -0.19976179574013 0.117895030398983 1.24415639302927 -0.205229460165466 -0.19976179574013 -0.205229460165466 1.06019040213998
0.821310588109429 0.12300972969621 -0.206911245764514 0.12300972969621 1.25497750390508 -0.214137663830935 -0.206911245764514 -0.214137663830935 1.06389767261071
0.816748216417122 0.128189977275238 -0.214063771210182 0.128189977275238 1.26595245352145 -0.223160302396565 -0.214063771210182 -0.223160302396565 1.06771823859688
0.812295110792771 0.133436670153593 -0.221220617464237 0.133436670153593 1.2770833260064 -0.232298938211743 -0.221220617464237 -0.232298938211743 1.07165294145039
0.807950670546975 0.138750717520038 -0.228383031964335 0.138750717520038 1.28837223383119 -0.241555154870017 -0.228383031964335 -0.241555154870017 1.0757026424923
0.803714312507633 0.144133040900295 -0.235552264410023 0.144133040900295 1.29982131819562 -0.250930557497792 -0.235552264410023 -0.250930557497792 1.07986822317931
0.799585470941593 0.149584574325018 -0.242729566974684 0.149584574325018 1.31143274941871 -0.260426773046958 -0.242729566974684 -0.260426773046958 1.08415058527376
0.795563597479138 0.155106264500044 -0.24991619451813 0.155106264500044 1.32320872733444 -0.270045450591494 -0.24991619451813 -0.270045450591494 1.08855065101723
0.791648161041299 0.160699070978963 -0.257113404799881 0.160699070978963 1.33515148169316 -0.279788261628109 -0.257113404799881 -0.279788261628109 1.09306936330777
0.787838647769982 0.166363966338021 -0.264322458693172 0.166363966338021 1.34726327256819 -0.289656900380968 -0.264322458693172 -0.289656900380968 1.09770768588077
0.784134560960901 0.172101936353409 -0.271544620399699 0.172101936353409 1.35954639076818 -0.299653084110571 -0.271544620399699 -0.299653084110571 1.10246660349355
0.78053542099932 0.177913980180949 -0.278781157665183 0.177913980180949 1.37200315825487 -0.309778553426821 -0.278781157665183 -0.309778553426821 1.10734712211364
0.777040765298578 0.18380111053823 -0.286033341995748 0.18380111053823 1.38463592856669 -0.32003507260636 -0.286033341995748 -0.32003507260636 1.11235026911086
0.773650148241407 0.189764353889207 -0.293302448875176 0.189764353889207 1.39744708724804 -0.330424429914217 -0.293302448875176 -0.330424429914217 1.11747709345313
0.770363141124021 0.195804750631323 -0.300589757983071 0.195804750631323 1.41043905228442 -0.340948437929831 -0.300589757983071 -0.340948437929831 1.12272866590624
0.767179332102986 0.201923355285147 -0.307896553413956 0.201923355285147 1.42361427454348 -0.351608933877505 -0.307896553413956 -0.351608933877505 1.12810607923736
0.764098326144844 0.208121236686619 -0.315224123897357 0.208121236686619 1.43697523822206 -0.362407779961361 -0.315224123897357 -0.362407779961361 1.1336104484225
0.761119744978515 0.214399478181879 -0.322573763018917 0.214399478181879 1.45052446129931 -0.373346863704844 -0.322573763018917 -0.373346863704844 1.139242910858
0.75824322705044 0.220759177824757 -0.329946769442548 0.220759177824757 1.46426449599599 -0.384428098294847 -0.329946769442548 -0.384428098294847 1.1450046265759
0.755468427482482 0.227201448576942 -0.337344447133694 0.227201448576942 1.47819792923999 -0.395653422930512 -0.337344447133694 -0.395653422930512 1.1508967784634
0.752795018032575 0.233727418510869 -0.344768105583726 0.233727418510869 1.49232738313818 -0.407024803176783 -0.344768105583726 -0.407024803176783 1.15692057248637
0.750222687058114 0.240338231015361 -0.352219060035499 0.240338231015361 1.50665551545468 -0.418544231322755 -0.352219060035499 -0.418544231322755 1.16307723791701
0.747751139482091 0.247035045004071 -0.35969863171014 0.247035045004071 1.52118502009566 -0.430213726744906 -0.35969863171014 -0.430213726744906 1.16936802756559
0.745380096761963 0.253819035126742 -0.36720814803508 0.253819035126742 1.53591862760065 -0.442035336275267 -0.36720814803508 -0.442035336275267 1.1757942180165
0.743109296861263 0.260691391983353 -0.374748942873365 0.260691391983353 1.55085910564067 -0.454011134574596 -0.374748942873365 -0.454011134574596 1.18235710986841
0.740938494223934 0.267653322341163 -0.382322356754322 0.267653322341163 1.56600925952296 -0.466143224510625 -0.382322356754322 -0.466143224510625 1.18905802797886
0.738867459751417 0.274706049354706 -0.38992973710558 0.274706049354706 1.5813719327027 -0.478433737541461 -0.38992973710558 -0.478433737541461 1.19589832171307
0.736895980782444 0.281850812788777 -0.397572438486503 0.281850812788777 1.59695000730168 -0.490884834104191 -0.397572438486503 -0.490884834104191 1.20287936519719
