0.979372961922453 0.0177168380525048 0.000148686692448066 0.0177168380525048 1.05362448568487 -0.0529698959196176 0.000148686692448066 -0.0529698959196176 0.972053275940375
0.97566487320188 0.0210309262180058 7.32505713449058e-05 0.0210309262180058 1.06411414903836 -0.0628385299358772 7.32505713449058e-05 -0.0628385299358772 0.9673111618555
0.971981687085812 0.0243650291841327 -3.40887326681777e-05 0.0243650291841327 1.07480837995547 -0.0727546279303992 -3.40887326681777e-05 -0.0727546279303992 0.962689796147741
0.968323369054994 0.0277197230307935 -0.000173349314010904 0.0277197230307935 1.08570962675547 -0.0827199034215029 -0.000173349314010904 -0.0827199034215029 0.958188980727652
0.964689886573196 0.0310955893263441 -0.000344554725943608 0.0310955893263441 1.09682037918356 -0.0927360842125385 -0.000344554725943608 -0.0927360842125385 0.953808535092219
0.961081209096693 0.0344932152382733 -0.000547734003782469 0.0344932152382733 1.10814316895636 -0.102804912713492 -0.000547734003782469 -0.102804912713492 0.949548296366995
0.957497308084074 0.0379131936451791 -0.000782921689052044 0.0379131936451791 1.11968057031595 -0.112928146266092 -0.000782921689052044 -0.112928146266092 0.945408119351103
0.95393815700636 0.041356123250068 -0.00105015785458917 0.041356123250068 1.13143520059264 -0.123107557472497 -0.00105015785458917 -0.123107557472497 0.941387876565126
0.950403731357457 0.0448226086949932 -0.00134948813060078 0.0448226086949932 1.14340972077658 -0.133344934527615 -0.00134948813060078 -0.133344934527615 0.937487458301913
0.946894008664918 0.0483132606770589 -0.00168096373168547 0.0483132606770589 1.15560683609828 -0.143642081555127 -0.00168096373168547 -0.143642081555127 0.933706772680301
0.943408968501054 0.0518286960658106 -0.00204464148482505 0.0518286960658106 1.16802929661828 -0.154000818947285 -0.00204464148482505 -0.154000818947285 0.930045745701794
0.939948592494356 0.0553695380220371 -0.00244058385835663 0.0553695380220371 1.18067989782594 -0.164422983708536 -0.00244058385835663 -0.164422983708536 0.926504321310192
0.936512864341272 0.0589364161180084 -0.00286885899193234 0.0589364161180084 1.19356148124766 -0.174910429803061 -0.00286885899193234 -0.174910429803061 0.923082461454228
0.933101769818309 0.0625299664591694 -0.0033295407274739 0.0625299664591694 1.2066769350645 -0.185465028506278 -0.0033295407274739 -0.185465028506278 0.919780146153197
0.929715296794479 0.0661508318073214 -0.00382270864113253 0.0661508318073214 1.22002919473939 -0.196088668760395 -0.00382270864113253 -0.196088668760395 0.916597373565625
0.926353435244096 0.0697996617053074 -0.00434844807626283 0.0697996617053074 1.2336212436541 -0.206783257534067 -0.00434844807626283 -0.206783257534067 0.913534160060988
0.923016177259915 0.0734771126032332 -0.00490685017741774 0.0734771126032332 1.2474561137561 -0.217550720186247 -0.00490685017741774 -0.217550720186247 0.910590540294504
0.919703517066623 0.0771838479862462 -0.00549801192537717 0.0771838479862462 1.26153688621534 -0.228393000834284 -0.00549801192537717 -0.228393000834284 0.907766567285034
0.916415451034695 0.0809205385038987 -0.00612203617321649 0.0809205385038987 1.27586669209126 -0.239312062726362 -0.00612203617321649 -0.239312062726362 0.905062312496101
0.913151977694593 0.0846878621011217 -0.00677903168342506 0.0846878621011217 1.29044871301002 -0.250309888618333 -0.00677903168342506 -0.250309888618333 0.902477865920051
0.909913097751341 0.0884865041508351 -0.00746911316608693 0.0884865041508351 1.30528618185226 -0.261388481155033 -0.00746911316608693 -0.261388481155033 0.900013336165402
0.906698814099463 0.0923171575882227 -0.00819240131813198 0.0923171575882227 1.3203823834513 -0.272549863256159 -0.00819240131813198 -0.272549863256159 0.897668850547385
0.90350913183829 0.0961805230466968 -0.00894902286366673 0.0961805230466968 1.33574065530218 -0.283796078506768 -0.00894902286366673 -0.283796078506768 0.895444555181714
0.900344058287641 0.100077308995582 -0.00973911059539678 0.100077308995582 1.35136438828152 -0.295129191552497 -0.00973911059539678 -0.295129191552497 0.893340615081606
0.897203603003883 0.104008231879544 -0.0105628034171521 0.104008231879544 1.36725702737845 -0.306551288499568 -0.0105628034171521 -0.306551288499568 0.891357214258086
0.894087777796376 0.107974016259797 -0.0114202463875236 0.107974016259797 1.3834220724367 -0.318064477319663 -0.0114202463875236 -0.318064477319663 0.889494555823601
0.890996596744299 0.111975394957107 -0.0123115907646239 0.111975394957107 1.39986307890802 -0.329670888259756 -0.0123115907646239 -0.329670888259756 0.887752862098972
0.887930076213872 0.116013109196636 -0.0132369940519834 0.116013109196636 1.41658365861716 -0.341372674256974 -0.0132369940519834 -0.341372674256974 0.886132374723716
0.88488823487597 0.120087908754642 -0.0141966200455938 0.120087908754642 1.43358748053846 -0.353172011358577 -0.0141966200455938 -0.353172011358577 0.884633354769764
0.881871093724137 0.12420055210707 -0.0151906388821072 0.12420055210707 1.45087827158433 -0.365071099147142 -0.0151906388821072 -0.365071099147142 0.883256082858612
0.878878676093004 0.128351806580073 -0.0162192270882078 0.128351806580073 1.46845981740566 -0.377072161171034 -0.0162192270882078 -0.377072161171034 0.882000859281925
0.875911007677113 0.132542448502473 -0.0172825676311647 0.132542448502473 1.48633596320448 -0.389177445380253 -0.0172825676311647 -0.389177445380253 0.880868004125644
0.872968116550163 0.136773263360217 -0.01838084997058 0.136773263360217 1.50451061455892 -0.401389224567744 -0.01838084997058 -0.401389224567744 0.879857857397616
0.870050033184655 0.141045045952843 -0.0195142701113442 0.141045045952843 1.52298773826067 -0.413709796816257 -0.0195142701113442 -0.413709796816257 0.878970779158773
0.867156790471981 0.145358600551992 -0.0206830306578112 0.145358600551992 1.5417713631652 -0.426141485950857 -0.0206830306578112 -0.426141485950857 0.878207149657926
0.864288423742923 0.149714741062003 -0.0218873408692075 0.149714741062003 1.56086558105478 -0.438686641997159 -0.0218873408692075 -0.438686641997159 0.877567369470163
0.861444970788596 0.154114291182617 -0.0231274167162868 0.154114291182617 1.58027454751465 -0.451347641645399 -0.0231274167162868 -0.451347641645399 0.877051859638927
0.858626471881817 0.158558084573831 -0.0244034809392466 0.158558084573831 1.60000248282235 -0.464126888720422 -0.0244034809392466 -0.464126888720422 0.876661061821791
0.855832969798928 0.163046965022925 -0.0257157631069174 0.163046965022925 1.62005367285056 -0.477026814657688 -0.0257157631069174 -0.477026814657688 0.876395438439967
0.853064509842057 0.167581786613709 -0.0270644996772394 0.167581786613709 1.6404324699835 -0.490049878985397 -0.0270644996772394 -0.490049878985397 0.876255472831591
0.850321139861835 0.172163413898016 -0.0284499340590449 0.172163413898016 1.66114329404719 -0.503198569812817 -0.0284499340590449 -0.503198569812817 0.876241669408822
0.847602910280573 0.176792722069476 -0.0298723166751539 0.176792722069476 1.68219063325376 -0.516475404324934 -0.0298723166751539 -0.516475404324934 0.876354553818798
0.844909874115895 0.181470597139613 -0.031331905026804 0.181470597139613 1.70357904515989 -0.529882929283505 -0.031331905026804 -0.529882929283505 0.876594673108468
0.842242087004854 0.186197936116297 -0.0328289637594266 0.186197936116297 1.72531315763977 -0.543423721534633 -0.0328289637594266 -0.543423721534633 0.876962595893384
0.839599607228503 0.190975647184585 -0.0343637647297853 0.190975647184585 1.74739766987261 -0.557100388522956 -0.0343637647297853 -0.557100388522956 0.877458912530438
0.836982495736969 0.195804649889993 -0.0359365870744927 0.195804649889993 1.76983735334504 -0.570915568812562 -0.0359365870744927 -0.570915568812562 0.878084235294635
0.83439081617499 0.200685875324236 -0.0375477172799211 0.200685875324236 1.79263705286855 -0.584871932614732 -0.0375477172799211 -0.584871932614732 0.878839198559922
0.831824634907962 0.205620266313475 -0.0391974492535244 0.205620266313475 1.81580168761216 -0.598972182322622 -0.0391974492535244 -0.598972182322622 0.879724458984115
0.829284021048476 0.210608777609099 -0.0408860843965827 0.210608777609099 1.83933625215063 -0.613219053052986 -0.0408860843965827 -0.613219053052986 0.880740695697976
0.826769046483362 0.215652376081103 -0.0426139316783969 0.215652376081103 1.86324581752833 -0.627615313195072 -0.0426139316783969 -0.627615313195072 0.881888610498489
